100
3 7
3959 364 696 3748 3377 3363 3764
975 358 2097 3766 4706 1690 3068
3380 3382 3517 2556 1690 1672 1684
1 67
2313 2312 2311 2308 2316 2321 2322 2323 2326 2327 2328 2329 2333 2336 3126 3123 3113 3116 999 1016 1019 1021 1023 2847 2845 2840 2838 2832 2850 2854 3034 3029 3025 3029 3361 3357 3349 3954 3941 3961 2553 2550 2566 4020 4013 4017 4019 2544 2542 2535 2544 2547 2551 2556 2558 4169 4168 4163 4162 4160 4143 4155 4876 4868 4877 4618 4598
49 2
1625 1632
1621 1627
1636 1629
1505 1521
1227 1224
1214 1222
1057 482
1054 473
1019 1024
1035 1038
1039 1039
1321 1324
1317 1320
1306 1326
4903 4905
4900 4904
4910 417
418 399
411 408
412 2478
2476 2474
2477 2472
2478 2483
2489 2486
429 2490
427 420
422 412
426 417
2500 422
2498 2495
2497 2492
2496 2481
2492 2490
2493 2491
2497 2496
2942 2938
2938 2934
2933 2931
2933 2930
2927 2923
2944 2942
4510 4491
4508 4490
4502 4510
4500 4502
4498 4502
4482 4493
4485 4487
4489 4490
15 8
3191 3186 3181 3168 3181 3183 3184 3189
1439 3187 3173 3171 3176 3185 3188 3189
1436 1437 1449 3176 3180 3190 3191 3191
1435 1438 1444 1448 1446 1447 1450 1451
1431 1434 1440 1441 1443 1444 1449 1455
1418 1437 1438 1441 1442 1446 1450 1454
1435 785 1442 1445 1445 2370 2372 2372
777 780 784 2349 2363 2366 2367 2369
779 207 2351 2345 2359 2363 2365 2369
219 205 2398 2352 2356 2357 4851 4855
215 214 2642 2353 2360 2363 4846 4840
3883 2641 2632 2635 2361 3524 4843 4838
3865 3872 2639 2641 3531 3511 3523 4836
3869 3872 2640 3537 3532 3529 4837 4830
3870 3873 3877 3542 3535 3531 4839 4844
2 16
341 337 3729 4179 4161 4177 3517 4892 2633 2578 2565 707 717 2420 4882 1282
343 4617 4607 4616 4171 2734 3513 3525 4202 4205 2585 725 2437 2436 4894 1289
29 3
1700 3524 840
1697 3522 839
1681 3504 836
3802 3514 856
3787 3790 3792
3796 3794 3796
872 873 2629
869 1160 2624
853 1141 1145
867 1147 1147
2292 2290 2310
56 2298 2313
54 50 21
63 43 14
240 238 16
1045 1043 21
1044 1026 1036
2583 2572 2580
317 316 324
329 327 4741
142 141 4760
144 139 139
136 134 130
2445 2448 140
2443 2433 2436
2507 2449 3405
2504 2497 2420
2508 3525 2431
3519 3518 3527
12 7
2502 2506 1261 1255 3883 3973 3955
2483 2489 103 3891 3876 3890 3963
79 96 101 3891 3886 655 652
95 2602 1405 2103 2097 637 649
2602 2600 1396 1410 2105 638 651
2587 2583 2601 3824 3820 3816 2113
2588 2598 325 3827 2455 2448 2108
311 306 322 327 2453 2452 2118
4033 326 327 329 4114 4105 1396
4032 3122 3447 3444 4109 4099 1820
4018 3107 3438 3443 2343 4101 1823
3352 4757 2502 2505 2361 2363 2366
24 8
2435 2436 2437 2439 2215 2210 2204 2208
2434 2435 2438 2443 2209 2205 2203 2205
2419 2424 806 810 814 2204 2201 2199
2429 800 803 4916 4918 2200 2197 2196
793 797 4904 4898 4917 2761 2186 2177
786 792 2149 4918 2145 2759 2757 2753
794 2147 2145 2136 2140 2144 2759 2762
796 801 2148 2139 2144 4276 850 847
798 803 2149 2154 4267 4273 855 838
803 806 810 2488 4266 4268 4952 4943
811 808 2487 2483 4264 4268 1284 4945
4677 4675 4668 2481 4244 1283 1266 1280
4676 4671 4664 4670 4245 1285 1278 1285
4679 3492 3493 4672 1290 1289 1020 1287
406 3487 3476 3479 3482 1023 1011 1017
397 409 3487 3480 152 150 137 145
398 402 3490 161 156 151 148 146
402 405 165 164 159 152 150 154
2691 2700 169 165 160 620 153 159
2686 2685 2693 608 612 616 621 624
2689 2687 610 606 609 612 615 619
612 611 597 603 607 611 616 619
612 607 605 609 611 613 618 619
613 610 608 610 615 614 620 625
2 13
8 8 8 8 8 8 8 8 8 8 8 8 8
8 8 8 8 8 8 8 8 8 8 8 8 8
23 1
896
893
891
4583
4578
2927
3286
3304
3308
1771
1766
1756
2685
2676
1735
1741
2468
2451
2453
2655
2639
2813
2438
3 29
4708 4714 4711 2777 4587 4585 4572 694 701 702 706 4234 4233 4229 506 505 4709 4708 3502 3496 3515 4711 4720 1087 1085 4276 4576 4566 4579
4704 4697 4709 2772 349 346 326 710 712 714 726 4229 4228 4225 504 491 500 4704 1439 1426 1434 4703 4717 4718 1081 4271 4270 3528 3531
4706 4706 2751 2770 2771 2674 2664 2683 716 719 722 727 4221 4217 4227 2974 877 873 4956 375 2280 2262 2271 1083 1080 4260 4258 3760 3780
5 7
4830 4833 4350 4348 4342 4361 2997
4821 4839 3091 2401 4359 2987 2994
4831 3108 3089 2390 2598 2990 2998
4836 4499 4492 4505 2578 860 868
4839 4503 4512 4507 2579 872 2233
8 11
3443 3449 2905 2917 11 3438 3451 4229 4228 4216 4229
3460 2913 2909 33 28 3446 3447 4231 4230 4222 4234
2916 2914 2910 1523 1504 1521 1523 3764 4234 1412 1420
3445 3440 2913 2917 1508 1523 3767 3762 1424 1411 1418
3438 3435 3433 3437 3771 3768 3764 3760 1404 1410 1414
3438 3434 3418 3436 3438 3763 3761 3750 3768 1413 1415
3442 3441 3438 3442 3443 3767 3765 3765 3769 1414 1419
3447 3443 3441 3443 3448 3772 3768 3768 3772 1415 1417
100 100
89 90 85 84 79 76 72 68 66 65 64 61 60 55 60 51 49 48 42 37 36 38 38 44 48 52 55 56 57 65 67 83 85 89 90 94 116 115 113 107 108 103 104 104 116 114 111 106 104 99 94 88 86 80 79 77 60 58 59 54 26 23 18 17 13 15 14 12 11 12 16 21 19 23 26 35 45 50 45 50 55 62 67 69 98 101 91 90 88 89 99 98 95 86 87 86 88 77 79 80
86 77 90 89 81 76 75 70 72 67 66 58 55 53 58 50 47 43 39 36 35 32 37 41 42 49 51 56 68 62 66 81 80 84 85 117 115 113 108 104 95 98 99 103 119 116 114 73 97 93 89 87 85 77 76 72 54 55 54 50 45 16 15 13 10 9 10 11 10 8 11 14 17 21 26 31 40 41 44 47 56 58 61 82 93 97 90 89 86 88 93 92 90 85 78 84 86 74 78 80
83 73 74 72 82 79 77 68 68 62 58 55 51 48 53 55 49 33 43 38 34 31 33 38 40 44 48 50 66 61 63 79 77 81 82 90 91 104 103 101 93 97 98 82 85 75 71 70 67 64 88 83 81 76 70 67 51 49 46 45 40 38 37 9 8 7 6 8 5 7 9 12 15 17 30 33 37 40 41 46 51 56 77 81 88 90 93 86 83 84 91 86 85 80 77 80 81 69 71 72
78 72 73 70 72 72 65 65 63 58 59 51 50 47 48 53 37 32 32 33 32 30 32 34 38 41 45 49 54 57 62 72 74 77 81 86 90 104 102 98 91 93 95 81 81 76 67 68 65 60 89 86 74 72 68 64 52 47 45 43 39 34 33 28 8 4 3 2 3 4 8 10 11 13 34 36 41 43 45 67 70 76 74 79 83 86 89 85 82 84 84 79 78 77 75 71 68 65 66 70
74 68 72 67 68 70 60 59 56 54 53 48 47 43 37 37 32 29 27 28 28 27 31 31 36 41 45 51 52 56 57 69 73 76 78 81 86 102 97 94 89 90 83 78 77 74 66 65 66 57 58 74 72 67 64 62 52 49 49 47 40 38 28 25 23 20 0 1 2 4 7 8 10 13 18 53 43 71 67 65 69 74 73 76 80 85 84 81 77 81 82 80 83 76 72 67 60 60 65 66
69 65 64 65 60 65 56 55 52 51 49 44 46 41 36 32 31 26 24 25 21 24 28 29 34 38 43 46 48 51 63 67 71 74 78 83 88 105 101 92 87 90 80 77 72 70 65 64 63 54 52 81 76 72 60 59 54 52 53 51 38 37 32 30 26 22 10 6 6 9 9 14 15 32 45 50 55 58 68 64 75 70 68 71 70 81 82 80 76 68 75 79 83 70 67 64 59 57 62 63
62 61 62 61 59 61 64 59 54 50 48 43 39 35 33 31 26 23 21 21 18 22 24 27 30 42 45 51 52 53 58 59 73 75 79 81 87 74 102 86 82 78 83 70 69 65 64 60 58 50 50 48 78 67 63 60 56 55 54 52 33 27 26 24 21 19 14 10 11 14 18 21 24 29 41 45 50 50 65 63 67 69 65 68 69 80 81 72 71 67 70 74 52 72 68 61 57 56 58 60
63 58 57 56 57 60 63 68 59 55 52 44 35 30 26 23 22 18 17 13 16 17 29 32 33 37 46 48 56 56 61 64 67 71 76 81 85 70 89 84 81 74 78 66 64 62 61 58 57 49 47 47 43 44 62 61 47 41 38 33 32 31 29 27 26 15 14 12 14 17 27 31 34 38 40 41 52 48 63 58 63 59 61 66 67 75 65 64 69 64 69 66 51 62 60 56 52 51 54 59
64 60 57 54 59 62 67 61 57 56 57 31 26 24 22 17 25 16 12 8 12 17 19 24 26 41 50 55 56 56 57 57 68 59 64 76 75 67 82 79 77 72 69 61 58 59 56 55 53 47 45 49 40 42 47 49 45 38 37 39 35 35 30 28 31 17 19 15 19 23 26 27 32 33 37 42 47 46 48 53 53 57 60 64 66 70 60 61 68 61 64 65 50 51 59 57 52 47 42 41
65 58 53 53 58 63 67 67 70 60 35 35 32 28 18 14 9 4 2 0 20 19 20 26 29 30 54 51 52 55 56 54 55 56 59 74 71 66 77 72 69 68 66 60 57 56 52 54 49 44 42 40 36 40 42 46 42 40 36 40 38 36 33 30 35 28 23 19 24 25 26 29 31 42 44 37 42 42 43 48 50 54 59 60 64 65 58 60 63 58 60 61 46 48 33 30 50 46 41 37
60 51 50 51 56 61 63 66 68 34 33 32 27 26 22 18 10 9 5 1 6 11 12 28 34 38 39 46 49 50 51 52 54 55 58 62 66 63 68 73 71 68 64 59 55 52 48 46 42 40 38 35 33 36 39 30 47 33 33 38 41 41 40 35 32 31 27 23 26 28 27 32 37 41 40 35 37 38 37 42 45 43 47 55 59 62 57 60 54 57 60 48 41 36 37 28 39 34 38 33
56 51 48 52 55 65 68 69 72 38 37 32 31 29 25 23 10 6 3 2 3 8 9 29 31 33 34 45 47 52 56 61 56 79 75 75 64 59 64 65 72 69 65 61 59 56 51 49 47 42 37 32 29 25 25 29 27 31 28 31 34 40 39 37 40 34 31 24 31 30 29 36 42 45 37 34 29 34 33 38 43 40 41 50 55 52 55 50 51 52 55 43 36 33 33 27 33 29 34 32
53 48 46 48 51 52 57 60 60 41 45 37 32 28 27 26 14 9 5 6 10 9 12 31 36 36 39 40 42 47 48 53 77 76 71 70 63 58 62 64 66 80 75 73 71 57 54 51 48 35 31 28 27 24 23 24 22 27 26 30 33 37 42 40 42 91 90 25 36 32 33 38 43 35 32 31 27 22 29 34 37 37 42 47 48 51 50 46 49 54 40 39 35 31 30 25 24 27 30 31
44 43 42 44 40 41 43 47 55 57 61 40 30 28 26 22 12 10 9 7 9 12 16 20 23 28 31 35 46 51 52 57 62 71 67 65 60 55 60 62 58 53 79 69 66 55 52 48 44 30 29 27 24 20 19 16 20 24 25 31 35 91 88 87 83 84 87 40 37 33 37 38 39 32 28 26 25 21 26 31 33 34 38 42 42 52 48 45 47 52 34 31 30 28 27 23 21 22 26 28
43 39 37 35 37 42 45 59 54 56 57 37 33 25 21 17 16 14 17 8 13 16 21 23 24 26 34 37 47 49 51 60 69 75 62 61 57 53 56 59 54 52 49 65 61 59 48 44 39 35 31 43 22 19 15 14 17 20 22 27 28 87 85 84 79 81 83 84 42 38 41 35 34 23 19 17 22 19 22 28 28 30 35 36 37 35 47 44 47 54 36 33 34 32 31 23 18 16 18 22
26 27 36 31 35 40 45 48 49 52 58 34 32 30 26 22 20 18 20 10 13 15 18 27 26 30 36 40 50 51 53 69 67 63 61 65 54 51 45 60 46 50 47 60 59 55 50 46 42 39 42 39 41 17 16 12 9 13 18 20 25 29 85 80 78 81 84 89 40 37 34 33 29 21 18 14 15 15 19 23 25 26 31 34 34 33 34 40 45 41 37 34 30 25 21 19 15 14 15 18
22 23 24 29 34 38 41 43 44 48 52 35 43 40 32 30 25 23 24 15 14 17 20 31 29 34 39 42 73 75 55 67 63 62 57 52 49 47 43 42 43 45 43 48 60 58 51 39 47 42 39 37 40 44 9 8 7 8 16 20 23 28 83 78 75 79 79 82 36 34 31 29 24 20 16 11 0 11 14 38 40 46 35 31 30 31 36 36 38 39 34 31 28 27 24 27 11 10 0 11
21 19 23 28 29 41 45 35 39 43 40 44 39 35 30 29 27 29 34 18 23 28 24 32 31 35 43 68 69 72 74 72 57 53 52 49 47 46 42 41 40 44 40 39 46 53 43 37 37 37 34 32 37 26 19 15 4 9 11 17 22 25 81 73 72 76 78 79 84 36 33 34 26 24 17 23 20 24 27 37 36 44 45 26 25 28 33 35 36 37 48 32 30 30 27 26 17 14 7 12
19 15 16 20 21 23 28 32 34 35 36 48 44 38 35 34 30 32 36 22 23 38 26 35 47 41 71 66 71 77 71 71 52 50 48 49 46 41 36 39 37 40 36 37 45 50 40 36 34 33 31 30 28 21 14 11 2 7 9 14 19 23 79 74 69 74 75 76 57 54 47 43 34 33 28 25 24 25 28 32 35 39 41 17 23 26 32 31 33 38 44 48 30 28 24 21 20 15 9 15
4 13 16 20 18 24 30 32 34 35 39 50 47 43 40 35 33 36 40 27 32 34 36 47 43 38 64 62 63 73 70 69 72 46 44 43 38 36 34 39 32 38 34 38 43 45 37 35 33 31 26 25 23 20 9 8 0 8 12 16 17 22 56 69 65 68 73 78 52 49 44 39 37 36 31 29 25 27 30 34 38 23 17 15 18 23 28 28 30 33 41 37 32 30 25 28 25 20 18 16
2 1 14 16 17 22 24 35 39 37 43 46 48 26 44 38 38 41 45 48 50 39 39 41 38 34 63 61 64 62 58 65 68 44 43 41 37 35 31 33 30 29 30 35 43 40 40 33 32 27 26 23 19 18 14 11 20 22 36 40 45 52 54 59 63 66 71 72 55 46 44 42 36 34 33 35 26 45 35 34 39 22 17 13 16 20 21 26 29 32 37 40 33 39 34 33 28 25 22 20
3 18 19 20 22 25 26 27 48 45 42 45 26 24 21 43 39 46 51 52 53 40 39 37 34 30 26 58 60 57 56 60 58 49 44 40 36 31 26 31 29 26 26 30 38 35 39 41 57 28 29 27 20 23 15 16 25 30 32 37 42 47 51 54 58 59 62 58 57 51 45 46 41 40 35 47 42 40 35 30 26 21 8 10 14 16 25 30 32 36 39 54 53 52 41 38 31 30 25 24
24 22 24 29 31 35 38 41 45 42 40 41 27 22 20 22 26 30 30 56 39 41 44 33 32 27 24 56 55 55 55 56 57 58 37 36 32 28 25 29 20 21 22 24 34 33 34 60 56 60 36 31 22 24 22 18 26 32 33 42 45 48 56 59 59 61 64 67 61 47 46 47 46 45 38 46 43 27 26 25 22 20 1 8 9 14 29 32 37 40 43 53 51 49 45 42 36 38 30 26
25 26 25 26 34 38 40 45 50 34 36 27 22 18 18 23 24 23 29 30 34 38 43 30 27 25 23 55 54 50 50 52 53 37 32 29 28 24 24 24 19 19 25 30 31 31 33 47 51 56 32 31 26 27 27 23 26 35 38 53 49 53 57 62 67 62 67 72 61 56 51 53 49 48 49 44 41 36 31 28 25 21 12 13 14 17 19 22 27 29 77 72 55 53 48 44 37 42 31 31
28 29 27 28 35 40 43 48 34 31 33 23 21 17 13 15 17 22 26 28 30 33 27 27 23 22 21 54 52 49 48 52 53 48 34 40 35 20 19 18 15 17 21 25 29 30 33 44 48 53 34 31 30 32 27 26 27 40 41 57 50 58 58 66 69 77 78 63 60 58 54 59 54 51 50 48 45 40 36 33 26 23 17 19 15 17 20 23 26 29 73 68 63 58 63 44 39 43 34 36
33 34 28 32 37 39 46 33 30 28 30 22 17 13 12 13 17 19 21 31 32 52 22 19 18 18 16 17 46 44 45 49 51 43 48 32 31 15 14 10 0 11 24 30 33 36 38 40 42 56 57 39 38 34 32 31 33 35 38 43 65 61 72 70 71 74 77 79 64 60 58 60 59 54 51 50 47 40 39 37 29 27 19 21 17 19 21 25 51 54 75 70 67 62 50 49 41 46 50 57
35 39 30 36 37 40 41 44 29 24 27 16 15 10 10 14 15 17 20 44 49 48 52 22 17 15 14 16 31 39 44 47 49 42 49 31 26 18 14 12 2 6 7 8 34 39 43 44 49 52 54 42 43 39 34 32 37 37 42 54 74 73 72 71 73 76 80 80 67 62 59 62 60 57 53 50 46 43 40 38 29 28 32 22 20 23 22 51 48 49 78 75 71 73 54 50 50 47 49 53
39 33 32 29 32 36 39 40 21 20 24 14 11 0 7 10 12 16 19 42 47 44 45 22 20 15 11 10 26 34 36 38 42 39 44 27 25 21 20 15 20 9 12 42 38 44 47 48 50 53 55 44 48 41 36 35 40 45 49 52 57 74 73 73 78 82 87 84 69 63 64 63 59 58 56 55 50 47 43 47 34 29 34 39 25 26 30 32 47 51 52 80 60 62 63 66 53 51 50 54
38 34 28 27 29 33 36 41 21 16 13 14 5 2 6 10 17 31 35 39 39 42 31 28 23 13 10 5 24 31 35 36 33 37 38 31 30 24 23 20 21 25 37 39 43 41 45 50 52 55 60 65 50 39 38 36 43 49 52 53 57 62 75 77 82 87 89 75 72 71 67 65 61 63 64 56 54 50 46 52 46 43 38 43 26 29 47 44 44 46 48 52 56 61 76 75 78 56 52 57
33 30 27 26 28 30 34 28 16 14 12 10 9 5 8 25 26 27 31 36 34 37 29 24 21 20 12 1 21 26 27 28 30 33 37 41 45 26 25 30 25 30 32 35 36 38 40 44 53 56 63 69 51 43 42 37 47 54 57 58 61 65 78 81 86 87 88 79 78 73 73 68 62 62 55 48 55 55 49 52 50 45 39 45 50 48 43 42 41 43 46 48 51 55 73 71 75 75 54 60
29 26 24 25 29 32 29 24 19 17 16 14 12 7 8 20 21 24 27 31 32 35 39 20 18 15 14 11 26 27 31 36 34 36 40 43 47 30 27 33 28 31 37 40 38 39 44 59 54 55 58 61 65 62 56 51 49 52 60 59 63 69 80 84 88 91 78 75 74 72 71 67 59 57 50 46 49 54 58 48 47 42 37 38 40 40 48 39 37 38 41 42 46 75 71 69 70 71 80 80
25 25 20 24 17 28 25 28 23 18 19 17 14 8 17 1 9 13 16 21 23 24 41 44 21 19 17 14 31 33 34 35 38 37 41 63 37 34 32 37 35 34 36 46 42 43 44 49 56 60 61 62 64 61 59 54 54 56 61 62 63 71 74 75 91 96 83 78 75 71 66 62 57 53 51 42 41 35 35 36 25 38 34 36 35 38 29 37 33 34 35 36 47 74 69 65 70 75 75 77
22 19 17 19 12 18 21 25 24 22 26 31 27 24 21 19 14 17 18 25 27 28 45 26 25 23 18 15 34 37 36 47 43 46 51 59 60 35 33 39 36 35 37 39 45 44 49 62 57 64 62 63 66 66 64 58 56 61 70 65 66 70 74 78 83 99 85 80 77 73 69 63 51 48 47 40 37 34 30 32 23 29 29 35 31 31 27 30 29 33 38 40 42 69 65 64 66 70 73 73
13 8 0 8 10 15 17 22 25 27 28 30 32 27 22 20 15 16 21 22 51 48 46 31 29 26 20 20 37 39 53 50 45 49 53 57 62 38 35 43 38 40 39 44 47 46 53 66 61 63 64 68 72 70 67 72 57 62 72 67 71 71 74 82 87 92 95 81 73 72 70 53 49 45 42 38 33 32 29 27 21 27 28 33 28 26 24 32 28 32 34 37 40 42 64 59 62 65 69 72
8 5 2 7 12 19 21 24 29 34 31 35 40 27 25 28 16 19 22 53 55 50 51 32 32 27 22 26 41 43 56 52 50 53 56 59 66 69 48 47 48 45 47 52 48 51 57 60 62 67 72 72 76 74 70 61 59 62 64 72 75 72 90 86 91 102 104 80 78 77 51 50 48 46 45 40 37 31 26 23 20 23 24 28 26 22 19 14 23 26 30 34 39 41 49 56 56 58 60 69
14 10 5 11 17 21 25 25 34 38 44 39 40 33 28 31 35 20 21 51 52 56 55 34 35 28 26 29 50 46 58 55 54 56 59 62 61 65 53 51 52 46 51 55 57 61 67 72 72 69 70 85 81 66 65 63 62 63 65 75 77 76 91 90 94 97 102 83 80 80 59 56 52 50 46 33 30 33 28 20 18 22 13 25 11 20 16 9 18 17 22 27 43 40 46 51 52 56 59 64
17 14 7 12 16 45 44 39 35 38 42 46 38 37 32 34 39 43 46 50 53 58 38 35 40 32 31 71 52 50 52 53 58 60 64 61 60 60 59 54 58 51 52 59 61 62 63 78 82 82 84 84 80 86 70 68 64 66 70 71 76 99 97 95 99 104 108 113 84 54 50 49 44 39 34 32 29 28 23 19 17 14 11 21 7 14 13 0 14 15 20 25 33 39 43 49 52 55 56 68
21 17 11 12 18 53 49 44 38 40 47 45 42 40 36 35 40 46 49 52 55 91 40 39 77 77 75 70 67 53 53 57 63 62 59 55 59 57 58 59 56 60 56 64 69 73 82 77 78 79 75 83 78 81 74 71 75 77 72 72 77 100 101 97 104 108 112 64 65 63 61 55 53 49 48 43 38 34 33 18 13 12 9 1 2 4 15 2 4 19 25 30 31 36 41 44 49 59 61 63
22 18 19 24 20 53 52 57 39 42 43 46 44 48 37 39 44 46 49 91 87 90 80 76 73 70 66 59 64 69 66 63 60 58 55 54 56 52 54 51 51 56 54 59 64 69 72 73 75 78 71 72 76 76 77 76 77 80 77 73 106 107 102 101 102 111 64 62 66 61 56 53 49 45 43 39 36 32 28 23 20 17 14 13 7 6 11 3 7 30 27 30 34 38 42 45 52 62 63 64
22 20 24 27 21 55 56 58 41 44 47 48 45 53 56 41 48 51 90 88 86 81 79 69 68 65 63 58 60 58 62 66 58 57 52 53 47 49 37 46 47 50 52 56 66 67 68 71 74 73 68 70 73 71 72 77 79 75 78 101 102 104 100 96 101 65 63 59 58 57 55 50 47 46 44 41 37 33 28 27 26 21 15 15 8 10 12 5 11 34 29 32 38 51 47 48 53 57 58 65
28 24 29 30 31 61 57 61 66 47 49 49 49 53 57 45 49 95 91 86 82 78 77 78 72 70 55 56 55 57 60 64 51 49 50 48 43 47 36 44 46 50 48 53 62 65 66 69 67 71 66 67 70 67 69 70 76 74 75 100 97 92 98 94 97 70 65 64 61 58 57 53 59 56 57 45 40 40 35 31 28 24 29 34 35 13 14 9 13 36 33 46 42 44 51 55 65 68 63 64
32 25 31 33 38 64 61 66 67 63 58 53 53 55 59 48 54 98 93 88 79 77 74 71 75 56 52 54 52 54 57 37 49 47 46 43 41 38 35 39 40 45 47 48 57 61 59 69 64 62 64 60 62 66 67 66 71 69 71 72 92 89 91 90 92 95 67 88 63 69 66 61 57 54 52 50 48 37 36 33 31 29 32 38 39 22 17 14 18 41 38 47 46 48 56 60 62 67 69 71
41 39 36 37 41 45 66 71 73 67 62 57 55 58 59 64 99 96 95 97 83 77 72 67 60 50 49 51 47 51 53 35 52 48 51 39 38 35 33 36 39 41 43 47 52 53 55 59 62 57 59 57 61 62 65 62 66 64 68 79 90 87 82 85 87 91 96 83 81 77 67 63 58 57 53 49 46 44 39 35 32 31 32 39 44 45 21 15 17 22 39 51 50 51 58 63 63 68 70 76
47 43 37 39 42 43 71 74 75 76 65 61 66 67 60 109 106 101 96 98 66 68 67 62 59 54 48 45 43 47 36 34 37 37 24 23 42 32 30 31 41 45 48 50 53 54 56 63 59 55 61 56 59 61 60 58 62 63 68 74 85 84 79 84 91 92 95 82 80 76 72 68 62 54 52 48 47 49 43 39 36 32 34 44 45 26 25 19 18 19 23 52 55 52 62 68 64 65 67 80
52 47 38 40 42 45 68 68 76 79 64 63 67 72 76 107 103 101 99 64 63 62 61 59 55 51 46 42 40 43 35 32 34 36 24 20 18 29 25 28 31 49 46 47 49 53 56 56 55 53 47 52 56 58 57 57 56 61 64 69 73 79 77 79 84 87 90 85 82 79 74 70 63 59 54 50 49 50 46 43 37 35 38 42 47 32 27 26 22 23 27 54 58 57 59 68 67 67 69 73
55 51 42 41 44 45 63 64 65 66 67 65 80 76 77 111 107 104 101 68 66 68 66 63 58 55 49 43 38 36 31 31 25 25 22 16 16 21 24 26 28 37 42 45 49 54 54 52 53 50 46 49 52 49 55 54 53 54 68 70 69 69 73 77 82 86 88 89 87 83 77 69 65 64 59 53 52 55 51 44 42 36 41 44 47 40 35 31 26 28 30 32 33 60 62 71 72 69 71 76
57 56 46 48 49 59 61 64 67 67 72 88 83 80 80 85 108 107 103 69 70 70 67 64 65 56 44 40 37 35 30 28 24 23 18 12 15 16 21 26 29 36 38 43 47 46 52 47 49 46 41 47 48 47 51 53 52 54 62 63 64 67 68 71 72 76 78 82 85 84 79 71 69 68 62 57 54 57 60 45 50 49 45 50 52 42 37 35 42 37 35 36 40 41 66 80 76 73 72 78
58 49 47 51 56 58 59 64 69 76 74 75 88 93 108 99 97 108 83 78 75 75 73 69 48 46 43 42 39 45 35 32 26 21 1 9 13 18 21 26 29 32 36 37 41 45 48 45 44 41 40 44 43 42 48 50 50 56 59 61 63 66 65 68 70 71 76 80 83 88 80 75 71 70 57 56 55 60 61 63 52 50 46 55 56 42 41 49 47 42 40 40 45 46 47 80 79 74 79 81
60 52 49 52 57 59 64 68 70 78 77 80 89 109 104 99 96 98 84 82 76 77 76 56 53 49 45 55 46 41 36 34 24 22 3 12 16 23 25 31 33 35 37 39 41 46 43 39 46 42 39 33 40 41 43 48 49 52 55 56 58 61 64 67 71 88 81 83 83 81 76 75 68 67 65 61 57 65 67 70 72 76 61 56 58 48 43 56 51 47 48 43 46 49 92 88 83 57 59 85
63 68 50 54 61 65 70 70 75 76 82 120 115 105 101 100 95 94 90 86 91 78 77 59 55 50 53 50 47 43 37 36 27 24 4 14 17 26 27 35 36 35 39 41 43 39 38 34 31 30 34 30 35 40 47 50 51 55 57 57 62 66 71 76 80 83 85 88 88 84 83 73 69 68 69 63 58 68 72 74 75 80 63 60 65 48 46 56 55 60 52 46 57 54 54 59 56 54 58 59
64 67 68 63 62 69 74 72 74 77 82 116 114 113 106 101 100 95 95 89 92 83 78 82 56 56 55 54 49 46 51 37 27 25 8 15 21 31 28 35 34 31 26 24 23 20 35 33 29 25 22 25 32 35 37 39 55 58 59 64 69 69 72 73 77 78 88 110 88 83 79 76 72 70 71 67 61 73 77 79 95 70 65 64 67 49 47 74 58 62 53 60 57 53 49 48 42 49 51 50
69 71 72 76 63 65 78 76 75 79 82 115 113 110 108 106 107 98 98 93 98 102 75 67 62 59 54 53 49 48 51 32 29 30 9 19 26 32 32 30 29 27 24 22 20 16 19 18 15 24 19 22 27 28 40 43 59 62 63 65 69 70 77 77 82 83 87 105 106 87 83 79 75 73 76 67 63 78 81 91 90 88 85 80 81 75 70 69 63 61 65 53 61 53 49 46 41 45 47 49
72 73 74 81 67 83 81 77 80 84 86 122 118 116 113 109 112 115 101 96 101 77 72 67 62 58 56 54 51 52 53 36 31 14 10 12 23 22 24 31 32 28 25 25 17 12 14 13 11 18 17 18 31 36 41 46 47 50 55 70 73 78 80 82 86 96 98 101 104 88 84 86 91 76 78 79 85 83 85 98 94 87 81 77 76 71 69 67 60 57 56 50 50 41 37 41 38 41 45 27
79 75 77 78 81 86 80 78 82 84 127 126 121 118 111 110 115 116 105 98 79 74 72 69 63 62 59 55 55 57 55 39 13 12 11 15 18 20 22 26 31 29 22 17 13 10 9 8 6 0 15 18 36 41 46 47 51 52 54 74 77 82 84 87 91 93 94 102 103 90 87 92 94 88 82 83 88 84 85 100 84 82 80 79 70 66 65 63 59 56 51 47 45 41 36 38 36 37 25 23
82 80 82 85 89 88 85 83 86 88 91 127 124 123 115 112 115 124 126 102 81 77 77 72 66 66 64 60 56 62 60 22 21 16 15 18 21 22 24 31 35 25 20 19 18 15 29 26 21 19 17 38 40 45 47 53 56 59 60 75 90 85 89 92 95 98 99 103 105 65 89 86 82 83 86 105 100 96 100 89 92 96 85 81 70 67 70 58 54 49 45 43 40 36 35 37 32 35 26 21
83 86 85 88 92 94 90 93 92 91 92 132 132 127 120 117 120 121 125 130 90 86 81 77 72 68 65 63 61 65 24 22 21 18 16 20 23 23 40 36 49 47 47 39 37 33 29 27 26 24 29 34 38 39 47 52 55 59 71 74 79 90 92 93 97 99 101 104 66 62 85 81 80 81 84 85 96 94 88 87 91 94 89 85 73 71 55 52 50 48 43 41 39 38 33 33 28 28 28 19
85 87 89 89 96 97 94 101 97 94 99 137 141 131 126 121 124 126 127 88 85 80 79 77 74 73 69 71 62 35 31 26 26 20 18 22 25 27 54 52 48 46 45 40 38 35 34 31 28 28 32 38 39 42 46 50 60 63 68 72 75 76 73 69 70 101 102 105 64 61 83 79 76 80 82 96 93 90 87 84 87 88 93 90 81 76 52 50 49 46 42 39 37 36 32 28 23 25 27 14
89 91 92 93 108 103 99 103 101 95 98 143 139 134 129 125 126 129 133 134 89 85 82 80 79 74 71 74 43 39 34 31 30 35 39 26 26 29 64 54 53 53 48 46 41 46 34 31 29 51 47 42 44 46 51 55 56 60 64 68 76 71 69 64 69 71 61 62 65 57 59 74 73 76 77 93 89 85 79 81 86 85 87 93 64 60 51 50 37 36 47 36 38 28 24 23 22 20 23 12
90 101 96 100 105 98 102 104 101 96 100 141 140 138 134 130 128 132 136 95 92 87 83 86 81 79 79 78 42 40 36 34 32 35 40 42 67 66 62 61 57 54 49 50 42 48 38 73 68 60 51 47 49 50 66 58 61 74 77 82 83 75 64 60 67 65 60 57 61 54 57 59 69 70 66 67 86 82 78 76 78 82 85 88 60 55 52 49 36 35 34 32 29 26 21 17 15 0 6 11
111 106 105 104 100 95 93 97 86 96 99 142 98 93 88 135 132 103 97 98 91 90 85 86 83 89 85 83 47 44 39 38 34 38 43 47 75 71 74 74 62 59 50 79 74 71 69 67 63 58 54 52 53 58 61 63 64 69 74 76 80 81 61 56 66 63 64 52 57 51 55 73 66 67 64 65 92 87 75 73 76 83 79 83 55 52 48 44 42 37 36 32 28 27 24 19 16 11 16 13
112 101 100 97 96 93 89 93 85 91 93 98 94 89 86 87 104 99 95 90 88 91 87 82 79 80 87 44 43 40 39 37 35 39 43 50 77 76 72 70 67 63 65 80 72 69 67 63 61 58 55 53 54 63 68 71 69 71 79 59 62 52 55 54 57 59 55 51 48 46 47 69 65 64 60 62 59 75 71 68 69 76 75 77 57 53 52 43 42 41 38 37 32 30 28 24 18 16 19 22
113 72 103 99 88 87 85 83 84 87 89 93 95 84 83 82 84 93 92 88 85 75 77 79 76 80 50 47 44 45 44 38 36 44 49 54 57 79 73 73 68 66 82 79 80 78 69 63 61 60 57 57 56 66 68 69 73 66 55 58 48 48 52 50 45 56 51 48 46 41 43 48 64 61 56 55 57 60 63 63 68 72 74 77 69 64 59 56 53 48 46 39 37 33 30 27 29 18 20 26
73 71 69 70 88 85 83 78 82 85 90 95 100 83 82 78 87 83 91 87 83 74 72 68 72 73 54 60 55 51 43 42 40 43 51 56 56 83 74 75 71 82 81 77 75 73 72 67 62 64 67 60 75 70 73 74 75 63 54 53 47 46 48 46 44 42 46 43 40 40 41 43 46 48 53 51 53 55 59 61 62 65 77 78 69 64 62 61 45 44 41 38 35 34 31 29 30 34 35 40
69 69 64 67 69 82 80 75 78 81 83 84 77 72 79 77 82 78 79 84 82 71 70 67 71 76 63 56 53 50 46 45 44 47 50 52 54 82 80 79 76 90 80 78 80 75 77 68 65 66 71 65 77 74 79 75 62 58 53 48 46 43 46 41 40 38 42 38 36 35 40 43 43 45 48 50 51 59 62 64 65 66 74 73 68 63 61 53 48 47 42 41 40 37 49 34 34 38 39 44
67 66 61 63 54 56 78 74 74 76 73 74 68 68 69 72 77 75 75 79 81 88 67 65 60 67 59 56 55 52 51 50 47 52 54 57 59 86 83 84 90 89 86 82 84 89 74 73 70 72 75 87 82 77 82 85 57 56 52 48 44 41 45 39 41 36 42 40 36 32 36 40 39 43 44 45 48 61 66 73 67 74 73 70 62 60 57 55 50 50 47 62 54 50 48 45 40 39 41 46
48 62 59 55 52 53 76 73 70 65 68 72 67 63 68 71 76 74 70 74 78 83 85 60 59 62 67 64 59 60 56 61 50 57 55 61 64 108 104 99 94 94 91 85 87 83 81 76 72 76 83 89 87 82 86 89 52 48 43 51 39 36 37 38 39 32 39 36 33 29 34 38 36 38 45 47 49 57 61 70 71 66 64 67 64 62 62 58 66 63 62 60 59 54 52 47 45 44 45 48
45 57 55 54 49 50 60 70 67 62 63 68 55 61 62 67 71 69 67 71 73 77 58 55 55 58 65 61 60 62 59 61 96 93 95 65 68 106 102 98 96 99 96 85 83 78 76 75 73 76 81 85 88 87 88 93 53 42 38 36 35 32 27 33 27 29 28 27 31 26 30 35 33 37 40 48 53 55 60 65 67 61 63 64 67 66 78 75 73 68 64 60 59 57 54 56 49 47 51 53
40 43 43 46 45 61 57 60 63 61 63 58 54 57 59 64 62 66 64 72 74 75 55 53 54 62 63 67 63 66 63 82 91 90 93 98 101 126 105 99 99 101 92 91 87 80 81 78 76 79 82 90 89 64 58 54 53 43 40 34 29 27 26 29 23 25 23 22 28 24 27 30 31 32 33 35 37 40 41 52 54 60 63 67 68 83 78 73 70 69 67 66 61 58 57 61 54 52 61 58
36 42 39 34 42 59 55 56 59 57 58 57 52 53 57 59 59 63 61 67 67 72 54 52 57 59 61 66 68 70 83 81 85 89 92 93 127 125 129 111 104 100 96 95 87 83 84 79 85 80 85 87 100 62 57 52 48 48 43 43 28 26 24 23 21 15 16 20 19 22 26 33 35 37 32 34 37 42 48 51 52 55 59 62 64 67 82 74 69 67 66 64 61 60 62 64 65 72 63 62
32 37 36 31 37 53 50 54 55 55 53 52 51 49 53 55 58 56 57 63 63 68 44 49 52 54 55 61 71 68 73 78 83 84 89 92 124 123 109 107 102 101 99 98 90 84 86 83 86 82 90 95 97 55 51 48 47 44 41 38 31 27 23 21 18 13 13 16 16 18 21 36 24 30 27 29 33 49 46 48 49 52 55 57 70 96 91 89 83 77 74 69 66 64 66 65 68 69 70 63
31 29 27 29 33 34 46 48 51 32 52 47 46 46 48 53 56 55 56 58 60 49 43 48 51 55 61 59 64 67 72 76 81 86 94 97 100 119 114 111 104 105 103 108 95 88 88 86 69 93 92 83 83 78 50 49 50 44 39 34 33 27 23 20 16 11 12 14 15 17 18 23 20 24 25 30 33 33 42 44 48 50 57 60 67 70 86 85 82 81 77 72 74 73 70 71 75 71 74 77
30 25 23 27 32 37 42 46 32 28 52 47 42 43 44 54 56 54 54 56 57 47 42 47 48 49 59 57 61 62 64 81 84 87 91 99 101 120 119 114 106 109 107 111 96 78 77 72 68 63 85 82 79 74 57 54 51 47 44 33 30 29 27 24 2 1 21 26 16 34 37 18 16 21 23 27 28 32 37 40 45 50 54 59 62 67 88 86 84 86 78 79 78 74 73 76 81 82 86 89
16 16 18 20 37 39 45 34 31 27 47 45 40 43 46 42 54 50 53 54 55 37 40 44 46 46 49 53 57 58 64 65 65 88 91 95 89 123 121 116 110 110 109 78 75 78 74 79 66 61 81 84 74 73 74 71 75 47 46 35 37 32 32 22 18 16 21 25 30 32 15 10 15 18 20 21 31 33 41 44 45 49 52 62 64 66 67 86 85 89 80 85 82 78 83 79 83 86 87 92
12 14 17 20 16 21 28 31 26 24 27 25 39 33 33 38 41 47 48 51 56 32 35 39 39 42 46 51 55 56 59 62 63 66 96 79 84 87 126 119 86 91 81 78 74 76 71 64 60 57 79 77 74 68 68 69 73 76 43 39 41 37 37 24 23 17 25 28 33 15 12 6 11 15 25 35 32 35 42 49 48 53 56 57 58 70 69 71 89 93 82 87 83 80 87 91 56 55 60 96
9 11 14 15 15 20 27 23 22 19 24 20 34 31 29 34 38 42 47 52 31 29 33 34 38 40 41 44 46 51 52 67 70 68 69 74 75 91 89 89 82 87 77 74 73 72 67 62 58 53 76 73 70 65 63 64 65 56 55 42 43 39 33 29 23 19 27 29 15 11 7 2 7 8 19 26 36 28 33 59 62 55 60 63 68 74 70 73 93 87 84 88 89 85 89 56 55 51 50 50
6 7 8 9 14 17 22 21 18 17 13 16 19 26 27 29 40 42 20 18 26 28 31 32 36 39 44 49 49 54 53 70 71 71 73 75 80 93 88 84 79 82 74 71 70 63 62 58 54 49 68 64 74 63 59 61 54 52 53 46 41 40 37 34 38 20 21 22 22 19 18 0 13 15 18 21 22 23 59 57 59 61 62 64 80 75 73 78 73 90 88 68 63 63 56 52 52 49 47 46
1 8 11 12 24 26 23 19 15 1 10 15 17 22 24 30 23 18 16 17 21 22 23 37 38 43 47 44 54 55 58 63 67 74 75 76 80 89 84 80 75 76 69 66 66 67 58 53 50 47 67 63 61 57 54 49 49 50 49 53 42 43 38 35 38 22 26 24 23 21 22 1 15 17 22 23 27 60 55 56 59 62 66 68 73 80 66 66 70 68 67 64 60 58 53 51 49 45 43 45
21 13 18 19 22 27 26 22 21 19 20 20 22 23 28 26 21 16 15 16 18 27 32 41 40 40 41 43 47 51 56 60 64 67 68 90 91 86 79 78 74 73 68 65 65 62 58 52 50 44 60 57 56 54 53 48 47 51 44 43 45 42 41 38 43 26 31 36 31 28 23 4 6 20 22 25 28 55 51 52 56 57 62 62 67 64 63 62 69 67 70 68 63 62 55 46 45 42 40 45
22 15 21 23 28 30 32 26 23 21 22 27 32 35 27 24 18 20 14 18 19 20 23 28 34 37 40 43 50 56 60 61 66 68 71 89 87 84 83 81 78 69 66 62 61 56 55 50 47 43 46 62 34 53 50 46 45 43 41 39 41 38 46 40 44 69 66 34 33 30 26 7 10 21 22 30 34 43 48 51 54 56 58 59 63 67 62 60 64 65 66 47 44 41 38 46 41 33 37 36
21 20 23 28 29 34 32 29 28 25 23 30 34 26 22 21 17 1 9 14 18 22 26 31 32 34 37 42 43 50 54 59 68 60 61 87 82 77 74 73 67 65 61 60 52 50 49 54 38 40 39 35 33 31 33 42 42 38 32 35 36 37 38 73 68 67 64 39 38 33 28 11 14 23 27 32 42 39 44 48 48 52 54 57 63 65 62 59 61 65 48 41 39 41 37 39 37 32 33 34
25 22 23 30 42 39 35 34 31 27 32 33 37 25 24 21 20 3 13 18 22 23 30 35 36 37 38 41 42 47 49 54 57 58 59 83 78 75 72 70 66 61 59 55 50 49 45 37 36 35 36 30 28 26 32 37 39 35 31 33 34 36 39 70 66 65 62 61 42 51 33 13 34 29 24 20 22 35 39 41 43 47 50 55 58 60 59 55 53 46 44 40 36 33 33 29 32 31 28 30
28 25 28 32 45 42 45 36 32 31 33 38 41 29 27 24 25 8 15 23 28 31 40 37 39 38 43 45 43 50 54 57 67 59 63 86 80 70 68 67 65 64 63 58 51 49 44 42 36 32 40 30 26 23 27 26 22 29 26 28 31 36 41 68 63 62 57 56 60 46 50 34 31 28 20 18 19 32 34 46 43 52 51 54 55 55 54 51 49 43 43 34 36 31 25 24 31 28 24 25
29 28 33 52 47 46 48 40 39 34 37 39 32 31 33 29 14 12 13 25 31 36 40 42 45 50 46 50 45 50 58 63 65 66 83 81 79 77 73 69 73 68 73 54 50 45 40 39 34 31 36 40 24 19 23 21 19 16 24 27 30 31 35 62 61 60 57 53 44 41 45 22 21 23 18 17 18 30 31 36 41 42 45 61 64 54 53 49 45 42 38 32 29 27 22 20 19 15 20 21
30 32 58 55 48 48 53 42 41 39 38 46 43 39 35 32 19 16 15 29 33 40 45 44 50 55 49 52 50 52 55 58 60 64 68 86 81 101 96 77 75 71 68 67 65 64 38 35 30 28 32 27 22 18 18 16 14 15 19 23 26 31 33 65 54 53 52 49 40 39 44 22 19 17 17 14 19 28 33 40 46 50 51 56 58 55 55 53 47 40 36 32 31 27 25 24 15 11 15 17
54 53 64 60 57 53 46 45 47 42 47 55 44 43 40 36 41 17 22 34 37 47 50 46 54 60 56 54 52 57 61 63 66 79 84 88 99 96 95 100 77 69 67 67 63 59 55 33 29 27 24 22 19 17 14 5 13 15 17 18 22 24 28 33 58 48 49 46 39 38 31 20 15 13 1 11 15 23 25 41 46 47 55 57 54 51 47 46 44 41 37 35 33 35 30 15 13 1 11 12
52 51 53 60 56 58 52 50 48 45 46 51 49 47 44 40 43 22 24 36 41 42 46 51 53 55 57 56 53 61 63 68 72 75 78 109 107 96 94 76 74 69 66 63 58 54 51 33 28 24 19 17 16 13 10 0 11 16 21 25 24 38 30 57 54 47 47 42 37 34 30 26 19 17 8 13 18 20 22 40 43 45 48 53 58 53 52 51 46 44 41 40 38 34 33 24 21 18 20 25
50 49 48 52 55 58 54 52 51 48 48 52 51 52 48 44 45 46 38 37 39 47 48 53 58 63 68 69 72 64 74 72 74 78 114 105 103 98 93 90 85 71 66 61 60 49 48 52 30 28 24 20 18 15 12 14 12 20 26 28 33 37 41 54 52 46 46 40 39 36 26 21 19 18 12 17 18 25 34 38 39 45 45 47 52 57 56 52 51 48 46 51 35 31 29 26 24 20 24 26
52 51 45 50 51 56 61 33 34 40 49 57 59 56 53 49 47 47 39 42 41 50 50 56 59 60 64 69 72 74 78 77 79 82 112 100 98 95 91 86 83 73 61 56 54 49 45 42 33 31 26 21 21 18 16 18 16 22 28 33 38 42 50 49 48 44 41 39 36 32 30 28 23 22 26 21 25 27 31 34 38 40 42 47 48 52 60 59 56 52 51 39 37 34 30 26 25 23 28 29
47 46 41 39 37 59 30 29 33 38 43 59 60 58 53 50 54 55 41 47 55 53 52 53 60 61 64 70 73 76 98 82 82 110 107 103 99 92 87 82 81 68 64 61 45 43 42 40 38 34 31 26 24 20 17 21 23 27 31 34 43 47 55 51 52 46 46 43 39 32 31 30 26 24 29 23 30 35 39 42 45 42 44 48 51 54 68 65 61 54 43 41 40 36 33 29 29 27 29 31
45 40 36 35 33 35 32 28 30 41 47 36 37 60 55 51 56 58 63 64 69 54 53 67 64 63 68 72 75 91 93 98 102 114 108 106 103 87 85 83 78 73 69 64 65 49 46 42 41 39 37 36 31 26 22 23 26 32 35 39 44 49 60 55 55 51 47 47 37 33 32 34 35 39 38 33 31 33 43 43 51 46 48 49 55 75 74 69 66 47 46 44 41 37 36 33 38 36 34 32
42 40 35 32 29 34 29 25 27 29 29 32 37 36 37 40 41 59 62 107 116 111 114 118 67 65 68 79 83 87 91 92 97 108 106 100 94 92 89 82 80 74 74 69 60 57 52 51 46 42 32 31 29 28 25 29 32 36 36 44 49 55 62 57 56 52 49 43 39 38 35 39 42 41 38 34 33 35 47 44 49 49 50 53 56 92 77 73 74 51 51 45 44 38 44 42 40 39 35 37
39 36 31 27 25 20 19 20 22 25 26 27 28 33 35 38 39 40 107 103 106 110 113 71 69 68 72 76 78 92 95 96 111 106 102 99 96 95 90 87 85 81 79 63 62 58 53 56 48 44 37 39 34 30 28 32 38 39 43 45 48 50 51 60 58 53 54 46 46 43 36 37 41 48 43 38 34 36 38 40 42 51 55 56 95 91 92 78 76 54 52 48 44 42 47 46 43 40 37 39
44 40 27 21 20 19 14 16 21 25 37 30 40 38 90 87 42 95 95 99 103 108 112 117 70 71 73 76 81 84 87 97 116 111 103 102 99 98 91 92 90 82 80 68 64 59 57 54 52 48 47 43 38 36 32 34 35 38 41 44 52 55 69 68 63 58 63 62 51 40 39 41 45 48 44 39 36 40 44 45 48 74 58 94 91 88 94 99 79 80 52 50 46 43 53 48 45 45 39 42
33 28 24 20 15 16 12 13 18 23 33 35 39 40 85 83 84 92 90 95 97 112 114 115 109 112 77 80 85 86 88 99 119 115 107 106 104 101 93 90 88 85 72 71 70 62 62 60 55 50 47 44 41 37 34 39 40 42 46 48 55 59 61 65 64 61 62 57 46 42 41 42 47 46 45 47 40 42 45 56 58 70 74 94 89 87 89 91 95 58 57 53 51 56 54 53 55 49 48 43
34 29 28 15 10 10 8 15 20 27 30 30 34 39 80 79 80 87 86 89 97 99 102 104 107 112 111 85 87 119 121 125 118 116 121 107 105 100 97 92 90 74 71 67 66 65 64 59 56 54 52 48 52 55 35 40 43 46 48 49 57 62 65 70 69 63 55 54 50 47 44 47 51 50 48 48 49 46 51 52 57 68 69 78 82 83 88 89 90 95 61 57 64 59 56 55 58 51 48 45
45 18 15 13 9 7 5 13 17 22 23 27 28 65 71 75 78 82 84 87 92 94 106 100 102 103 108 111 114 118 120 125 124 119 122 123 108 104 102 89 86 77 74 71 71 66 65 60 60 57 53 52 56 59 62 70 46 51 50 54 58 59 67 70 66 61 56 53 51 51 56 61 54 55 52 52 54 51 52 54 58 63 68 73 78 82 84 86 88 98 73 68 63 60 58 57 53 52 50 47
41 37 36 30 13 21 1 12 16 21 25 32 56 63 67 72 77 82 85 86 88 90 91 95 97 99 113 115 120 121 125 130 137 123 126 127 107 106 109 89 85 83 78 76 67 65 63 62 65 58 57 54 57 60 63 68 71 55 57 56 62 66 68 71 64 60 56 55 54 55 59 60 64 59 60 62 57 56 54 59 63 64 71 72 75 83 87 89 91 94 108 111 68 62 59 60 56 53 55 50
43 38 33 28 27 18 17 19 22 26 49 53 54 59 61 77 81 83 86 87 89 103 103 99 98 113 120 120 123 128 128 132 133 135 138 114 109 107 101 97 92 88 82 85 68 66 68 66 72 69 68 63 59 64 65 70 74 60 61 61 64 71 70 67 62 60 59 58 59 65 63 67 68 70 68 63 62 57 64 60 64 76 75 75 76 77 90 92 96 101 103 108 113 116 67 63 62 58 57 53
44 39 36 28 24 21 20 23 28 33 46 49 52 56 60 62 63 65 90 92 96 98 102 104 108 110 115 117 128 130 130 136 138 142 112 107 106 104 101 98 97 90 86 87 89 85 82 79 76 70 73 66 63 68 67 74 76 78 82 63 64 72 74 72 67 63 60 59 64 70 68 72 72 74 76 66 64 67 66 61 65 77 76 77 81 81 83 88 101 106 107 111 118 75 70 65 63 59 58 58
45 40 37 34 29 25 21 24 32 37 42 43 54 55 64 66 67 70 72 73 77 78 79 108 112 112 113 115 129 131 135 136 140 142 116 115 113 109 106 101 99 92 89 91 91 86 85 80 81 74 77 68 77 73 72 76 78 83 86 68 65 76 80 75 68 65 62 63 77 74 76 73 74 78 83 88 68 70 66 63 67 81 79 82 83 85 87 93 105 106 108 115 118 77 75 67 70 68 63 66
6 13
2263 2236 2235 2234 2231 2229 2224 2207 2223 1859 1857 1858 2679
2261 2262 2259 2237 2232 2234 2226 104 108 1851 1852 1853 2677
2260 2256 2256 2251 2251 2249 115 98 109 1847 1849 2689 2670
2258 2255 2253 2248 2250 2246 2249 118 121 1859 1853 1858 2679
2254 2253 2248 2246 2244 2239 2248 121 126 1864 1858 2688 2684
2259 2255 2250 2250 2254 2252 2257 2258 129 1860 1859 2693 2685
8 15
2924 2920 2923 2925 1684 1683 1682 1696 4700 4686 478 481 4696 4695 4711
2927 2911 2915 3778 3780 3357 1702 3368 4705 4706 484 483 4707 4702 985
4399 2920 3152 3775 3778 3353 3349 3348 3358 4710 4714 486 993 987 984
4382 4392 3147 3772 1536 3355 4691 4687 4690 4711 1002 997 992 983 982
4385 3134 3131 3752 1526 1543 2639 4686 4705 1639 997 992 991 990 973
4387 3137 3132 3785 3538 1892 2629 2634 1629 1628 1643 116 112 994 988
4389 3138 3777 3776 3521 3536 2644 2511 2513 1637 1647 123 109 112 114
4392 3143 3787 3785 3539 4446 4456 2509 2508 2527 123 121 108 116 119
5 13
415 414 411 414 1539 1221 2739 2740 2814 2813 2805 1918 1922
1925 419 424 1532 1521 1220 2720 2721 1471 1090 2811 1923 1924
1923 1937 1939 1706 1229 1212 1221 1463 1454 1461 3795 3801 1927
1940 1940 3089 1704 1797 1213 1800 1468 1468 3571 3811 3806 1931
1943 3087 3081 1799 1783 1794 1799 1663 1659 3564 3580 3583 3587
5 5
14 25 0 11 10
8 14 16 21 25
0 16 30 16 0
12 12 15 8 23
15 6 0 22 16
1 25
2725 2708 566 4587 961 969 2779 2764 2777 2778 1710 1697 1717 2751 2749 643 635 1568 1555 1574 4315 3522 2971 1288 1290
64 5
960 955 958 960 961
954 952 955 958 959
948 934 935 938 961
953 935 939 943 945
958 961 963 947 949
962 965 970 975 976
964 965 975 976 977
969 3063 978 982 978
3059 3061 3060 3052 3059
3056 3056 3055 3048 3055
3054 3051 3040 3047 3050
1498 1493 3047 3049 3050
1500 1497 3050 3052 3055
2488 2484 2480 3054 3058
2487 2483 2479 2477 2482
2483 2480 2477 2473 2474
2483 2482 2478 2468 4345
299 2487 297 4352 4333
297 297 296 292 4336
295 292 289 287 292
298 296 287 284 288
58 57 302 282 294
57 56 304 299 3819
55 51 50 3819 3817
60 53 36 51 3813
64 67 45 3810 3809
3991 3995 3815 3812 3800
3986 3987 3989 3819 3818
3985 3990 3982 3823 3819
3975 3976 3977 3980 3822
3993 3996 3978 3980 3985
3997 4003 4002 4005 4008
2001 4001 3998 4002 4007
2000 4010 3995 4007 4010
1997 1995 4006 4012 4014
1991 1983 1995 1998 4017
4072 1996 1998 3588 3586
4087 4091 4093 3588 3585
4091 4093 4095 3587 3582
2846 2849 2838 3584 3580
2845 2844 2830 2845 3849
2847 2849 2846 2850 3862
677 671 2855 2853 2858
675 670 668 669 670
668 667 664 667 669
668 665 661 662 671
2807 661 655 670 675
2805 2819 656 657 661
2822 2827 658 2626 666
2825 2550 2624 2623 2624
2554 2549 2549 2619 2624
2549 2548 2537 2618 2622
2554 2550 2544 2637 2625
2737 2741 2743 2640 2629
2733 2738 2741 4176 4173
2729 2733 4184 4183 4171
2726 2734 4183 4181 4177
2744 688 692 688 4179
691 686 679 684 689
4471 669 677 681 686
4456 1470 681 684 2088
1463 1461 1467 2083 2086
1466 1481 2065 2078 2081
2077 2074 2069 2081 2084
9 4
398 414 149 129
531 549 553 142
535 552 557 562
761 751 747 753
756 738 746 749
752 747 1478 1477
1487 1484 1468 1472
4177 4262 4243 4247
4173 4168 4153 4215
1 33
368 386 4294 4281 138 149 153 158 161 166 171 174 1320 1318 1314 1309 1304 1300 1295 1294 1289 1292 1293 4230 4222 180 178 179 2307 2305 2301 2312 2316
1 42
354 368 369 371 374 4981 4970 314 320 161 144 146 147 4779 4759 4775 4780 4784 4788 4790 4791 4796 4799 3163 3161 3159 3145 3160 3161 3162 4822 4813 2621 2634 4564 4406 4397 380 2298 2312 2317 2321
59 2
3283 3282
3279 3274
3386 3376
3778 3776
3780 3794
3785 3797
3800 3799
3801 3801
3802 4301
4303 4300
4300 4295
4300 4291
4298 4288
4280 4284
3562 3574
2061 2077
2066 2078
2085 2083
2089 2086
2090 2089
2095 2090
1789 2095
1785 1790
1784 1769
1782 1766
1777 1764
1759 1760
1767 1765
2881 2216
2877 2200
2896 2206
2897 2207
977 972
982 970
2488 981
2483 2501
2477 2497
2494 2325
3945 2322
3929 2306
1606 2311
1595 1604
1604 1605
2395 2407
2396 2401
4873 4876
4870 4871
4865 4869
4845 4856
4849 1006
997 1001
979 984
4264 4252
4244 4250
4256 4252
1299 1305
1315 1318
1320 1324
1322 1325
1 97
2099 2095 2092 2087 2083 2078 2073 2068 2066 2064 2061 2060 2055 2054 2052 2049 2048 2044 2040 2039 2019 2027 2032 2035 1883 1878 1873 1872 1857 1859 1861 1864 1869 2080 2076 2086 2087 2091 2092 4171 4169 4165 4162 4158 4157 4152 4147 4134 3484 3499 3503 3508 3510 3513 3515 3516 3519 3524 3525 3530 4659 4657 4655 4652 4650 4648 4644 4629 4633 4638 4642 4646 4647 4474 4469 4466 4449 4467 4468 4469 4471 4472 1191 1190 1185 1174 1185 1252 1248 1244 638 646 649 650 652 656 660
2 17
4132 3527 3524 2321 4653 279 266 274 3715 3720 3725 537 533 530 516 534 4516
4120 4130 3513 3524 4646 4653 272 2664 3697 3712 3715 536 534 533 531 4528 4515
35 9
750 751 754 755 50 49 63 64 68
730 741 755 756 57 52 56 59 63
733 738 759 758 759 54 58 63 67
735 738 739 760 760 59 59 60 64
739 743 5015 5013 784 783 60 62 65
4997 4995 4997 5008 782 778 782 783 1984
4996 4994 4992 5004 779 775 778 782 1982
4998 4995 4990 4988 5007 764 765 1981 1981
4999 4998 4995 4998 3225 3209 3227 1977 1980
2309 2307 2301 3958 3958 3221 1977 1962 1969
2306 2303 2299 3956 3948 3963 3966 1981 1974
2325 2313 2312 2314 3955 3966 3971 1984 1975
2320 2318 2316 2321 2325 2018 2032 2036 2031
2322 2319 2321 2324 2026 2016 2027 2028 2029
1615 1619 2325 2327 2832 2824 2832 2837 2841
1611 1610 2330 1873 2284 2279 2275 2838 2840
1607 1609 1873 1868 2275 2271 2274 2277 2282
1603 1880 1875 1857 1868 2282 2287 3970 3977
1600 1596 1591 1589 1592 1265 1266 3969 3974
1604 1613 1611 1608 1261 1260 3983 3964 3972
2119 4549 4546 4543 4538 1271 1272 3981 3982
2115 4540 4539 4537 4534 4546 4551 3984 3986
2114 2117 4540 4539 4536 4551 4555 3989 3991
2113 2102 4545 4543 4548 4551 1849 1847 1852
2093 2097 3130 3126 4549 1848 1847 1846 1848
2099 3123 3118 3122 3126 1847 1842 1841 1846
2104 2021 3119 2012 2017 1851 1841 1837 1829
2024 2020 2015 2011 2014 3086 3087 1840 1835
1173 1171 2006 2003 2023 3084 3068 3069 1839
1171 1170 1166 1157 1161 3087 3082 3071 3075
1179 1175 1170 1162 1193 1198 1196 1197 1201
1183 1179 1194 1193 1189 1189 1194 1195 1199
1198 1195 1193 1173 1186 1187 1192 1200 1204
1191 1190 1186 1183 4510 4522 1194 1198 4537
1194 1191 1190 1188 4516 4521 4526 4530 4532
1 8
432 427 4798 1703 1705 3004 2990 759
71 1
1411
1410
1409
1408
1405
1400
1395
1393
1390
1385
1380
1376
1375
1371
1367
1366
1361
1359
1357
1355
1350
1348
1347
1344
1339
1337
1330
1343
1344
1348
1352
1356
1360
1365
1370
1375
1376
1380
1384
1387
1388
1391
1395
3668
3665
3660
3655
3650
3648
3647
3645
3642
3641
3636
3631
3629
3628
3627
3625
3623
3622
3617
3612
3611
3610
3608
3601
3604
3606
3609
3611
5 5
14 25 0 11 10
8 14 16 21 25
0 15 30 15 0
12 12 15 8 23
15 6 0 22 16
3 2
4339 1092
1159 1082
514 4840
8 4
4051 4043 3759 3779
4054 4052 3764 4451
553 1304 3574 3569
536 1302 1289 3577
548 1307 1300 2973
551 5001 4998 180
4996 4992 4990 4991
5019 5014 5009 4992
2 7
1871 1442 903 4088 1917 4413 3528
3012 1219 2388 2090 3320 4393 811
3 46
244 247 2088 2083 2089 1790 1788 1787 1797 3184 3173 4620 4615 4627 4629 4518 4513 4508 4506 4505 817 813 808 4522 1437 1434 1438 4532 4524 4529 162 165 169 3027 3021 3019 1384 1384 3456 3450 2648 2663 254 255 259 260
234 252 2093 2100 2104 1798 1797 1795 1800 3181 3169 4617 4609 4623 4627 4631 4512 4507 4504 4501 814 804 807 4519 1426 1425 1160 1141 4538 160 159 1897 1901 3026 3019 3017 1379 1381 1382 3462 151 250 245 254 256 259
249 2095 2094 2103 2106 1802 1801 1799 3178 3177 3164 3177 4617 4626 4629 4633 4637 4510 4501 4500 4497 4496 4514 4515 1448 1443 1447 1157 170 165 148 1891 1897 3021 3018 2999 1362 1365 146 145 134 153 257 257 261 261
30 2
4354 4360
4336 4356
4356 4357
4357 4358
4362 4364
4366 4369
4369 4370
4371 4375
1993 1996
1991 1994
1988 1990
1978 1986
1993 1997
1994 1995
1998 1999
1999 2004
2002 2005
2005 2007
2008 2011
2012 2015
741 746
736 733
733 728
723 725
2742 2753
2753 2757
2757 2758
2760 2762
2765 2765
2766 2769
1 3
3319 2814 1689
1 4
2437 3960 1734 491
2 1
2536
2520
5 21
3754 3750 3745 3741 2837 2833 2830 2829 3286 3285 3294 3303 3811 3807 3822 3827 4533 4530 4524 4535 2162
810 3752 3738 3739 3741 2837 2835 2843 2407 3298 3299 3301 3819 3818 1309 1313 4537 4533 4538 2158 2153
804 807 3743 3744 3745 3320 3318 2414 2395 2405 2408 2409 1294 1291 1290 1300 2051 2042 2041 2051 145
4201 4206 3748 3748 3317 3316 3310 3313 2411 2408 2411 2415 3910 3907 3903 3907 2046 2041 2039 2032 2040
4195 4212 4213 3750 156 153 145 151 153 2410 2414 2418 3911 3909 3904 3907 3910 835 833 813 820
1 13
1292 1273 222 238 1870 2016 973 1073 1184 1641 481 463 3632
10 1
2597
2610
2615
4131
4128
4119
4022
1434
3041
860
2 6
2772 2790 2851 2849 2289 969
4388 388 2846 2840 1464 1461
63 3
4222 4228 4234
4221 4224 4229
4216 4220 4223
4199 4219 4230
4219 4222 4227
4221 4227 4228
4226 4232 4232
4237 4236 4233
4240 4239 4236
4243 4242 4239
4248 4245 4244
4251 435 4247
427 430 434
423 429 430
421 424 428
416 418 431
411 417 419
410 412 412
409 409 410
402 408 411
407 409 411
412 412 413
416 413 417
418 415 418
423 425 426
427 430 431
430 435 438
431 432 433
435 437 435
440 442 436
1245 1246 1251
1244 1247 1250
1243 1243 1245
1240 1239 1242
1239 1236 1237
1215 1233 1242
1214 1232 1237
1210 1227 1231
1207 1222 1223
1203 1218 1221
1201 1216 1217
1202 1217 1221
1207 1219 1224
1211 1222 1225
1216 1224 1228
1219 1229 1234
1234 1232 1238
1238 1234 1242
1358 1357 1356
1350 1346 1352
1347 1344 1349
1344 1339 1344
1336 1337 1338
1333 1334 1337
1331 1332 1337
1330 1332 1339
1325 1328 1332
1317 1324 1328
1324 1327 1332
1325 1331 1333
1330 1336 1338
1333 1345 1343
1336 1339 1347
6 19
155 159 161 1039 1034 1029 4718 4720 4238 4234 4217 4230 3745 3747 4488 4487 4490 723 739
153 158 161 1893 1029 1028 4716 4714 4729 4236 4229 3740 3744 2101 4478 4477 4484 721 735
152 155 1883 1882 1895 1013 1030 4731 4181 2965 2963 2972 2097 2100 2101 4494 731 728 4238
139 2053 1886 4568 1034 1029 1033 4188 4185 4190 2977 2096 2092 2095 2096 2098 4778 3591 1042
2046 2040 2043 4552 4562 1033 1037 4189 4187 4192 2097 2096 2078 2098 3067 4782 4774 3588 3598
3184 2054 4567 4563 4565 1037 1040 1041 4192 4193 2095 2094 2091 3055 3064 4577 4568 3590 3599
1 9
2446 2511 1059 1135 2792 1960 4322 3099 3094
1 13
4492 4487 4482 4477 4476 4472 4470 4468 4465 4461 4450 4460 4464
10 8
4270 4271 4188 4183 4199 4204 4207 3956
4262 4278 4281 4197 3935 3937 3951 3952
4275 4279 4286 3940 3934 3944 3949 3950
4278 4280 4290 3943 3941 3944 3948 3953
4279 1190 1193 3944 3942 3945 3946 3949
1193 1188 1189 3951 3948 3946 3948 3953
1188 1186 2558 2561 2570 2570 2575 3958
1184 1182 2541 2560 2565 2566 2570 2582
1187 1183 2557 2561 2569 2571 2582 2581
1192 1186 2562 2573 2571 2572 2577 2579
8 3
1212 1708 1726
4011 735 742
4019 3728 2297
2296 2294 2281
1058 2345 2288
1053 2343 4488
1044 2334 4301
1407 1394 4283
100 100
125 124 120 115 116 111 105 106 111 113 117 118 123 128 128 191 189 186 177 176 171 166 171 166 163 158 156 155 129 124 119 117 116 118 115 110 104 97 96 94 94 92 87 91 74 71 67 68 66 62 58 60 64 63 58 55 55 56 66 70 74 75 76 78 83 89 85 83 121 118 118 113 101 97 94 91 90 88 89 85 81 86 72 67 64 65 65 64 62 60 63 51 52 51 54 57 37 36 35 38
124 119 115 111 109 107 104 107 110 114 118 120 123 125 127 137 185 181 176 171 168 165 170 161 160 156 154 150 151 127 120 116 114 113 111 108 99 95 94 90 87 87 82 70 69 66 65 61 57 54 53 64 59 56 55 50 50 55 61 63 64 69 73 75 78 82 80 79 119 116 115 110 110 94 89 86 85 87 82 81 77 75 71 66 63 68 69 62 59 56 56 48 49 47 51 55 27 28 32 36
128 124 118 113 109 104 102 105 106 111 117 116 124 123 139 136 190 185 173 169 167 162 164 155 154 152 149 145 148 129 128 127 116 114 106 104 99 96 90 89 83 81 79 66 65 64 60 60 53 49 50 59 57 53 51 46 48 51 56 60 64 71 74 78 80 71 80 77 77 117 110 109 105 98 91 86 83 82 77 76 73 74 63 61 60 65 64 61 55 52 53 45 43 42 46 35 23 24 28 33
116 114 119 116 110 104 100 108 113 111 114 115 115 122 124 131 126 190 166 166 163 158 163 164 161 157 146 142 147 130 128 126 129 102 96 98 97 94 89 84 80 78 76 66 63 62 58 56 50 47 49 56 62 49 47 42 44 45 47 47 48 53 76 81 83 67 73 75 76 77 112 101 100 95 94 89 85 80 77 73 70 69 65 60 58 60 58 57 53 50 44 42 39 38 34 34 21 21 23 26
112 111 101 105 102 101 99 104 106 108 113 110 112 117 130 129 123 166 163 162 161 156 153 148 145 145 141 138 143 130 128 123 128 101 95 93 96 92 91 86 84 76 74 69 66 65 56 53 49 46 49 54 59 43 39 37 40 44 41 45 48 55 57 61 65 66 70 73 76 82 117 105 101 96 96 94 88 82 77 74 70 67 64 59 57 56 54 52 49 45 41 39 36 34 30 33 18 18 22 23
110 106 97 101 100 99 98 99 103 106 108 109 110 105 107 124 119 173 169 164 156 152 148 143 142 140 138 135 139 127 126 122 101 96 91 88 85 81 78 75 69 68 76 71 71 54 50 48 42 42 47 43 41 39 36 32 37 42 37 46 49 51 54 58 63 64 68 72 74 75 116 103 99 97 98 93 88 85 82 78 74 68 69 64 60 57 69 64 59 54 49 44 40 32 28 30 13 14 21 25
96 101 96 97 100 96 94 96 104 90 92 111 109 101 125 119 114 118 173 166 151 147 144 143 139 138 135 132 134 132 122 121 122 93 89 84 80 77 76 73 66 64 67 76 76 52 49 44 40 39 32 38 39 34 29 30 33 33 36 41 46 49 51 56 58 60 64 79 82 81 114 111 107 102 103 94 93 87 84 82 73 72 70 68 64 60 78 68 62 58 52 36 35 31 27 25 10 13 17 22
92 98 95 92 89 93 90 83 79 85 90 108 104 98 121 117 109 111 116 171 118 150 147 135 134 133 130 127 130 127 122 120 124 86 82 79 78 75 71 68 67 63 66 69 48 43 42 41 38 34 31 33 36 31 26 29 31 32 34 35 45 47 50 53 55 58 60 77 78 79 112 110 107 106 108 100 96 94 89 90 91 76 72 72 84 79 76 71 67 60 37 34 33 27 23 22 6 10 12 38
89 96 92 87 88 89 85 81 78 81 82 84 101 97 98 115 108 110 112 118 115 148 144 143 138 131 126 125 124 123 120 115 116 118 89 88 83 77 69 64 64 58 50 49 44 45 41 37 34 30 27 29 21 26 23 24 29 33 36 40 42 46 49 50 66 69 71 73 78 79 80 113 109 111 113 107 104 99 94 92 92 89 78 77 87 83 81 53 50 44 32 29 28 23 22 21 1 9 29 34
88 87 81 84 89 85 81 78 75 80 84 98 96 95 94 112 107 111 111 114 113 144 143 139 137 134 124 121 119 118 116 114 112 88 86 85 79 78 63 59 62 55 49 48 43 40 37 40 32 30 26 22 16 18 22 27 32 36 41 45 48 53 56 59 63 66 67 70 72 73 75 116 112 115 112 109 105 101 95 93 89 86 83 78 78 89 84 51 47 42 39 37 32 28 23 25 21 22 25 30
86 85 80 79 79 84 79 76 71 75 75 81 94 90 93 108 104 103 107 109 112 140 139 135 133 130 129 128 124 117 115 112 110 104 84 80 75 73 60 58 57 52 47 46 42 39 35 33 28 27 23 19 15 17 20 22 30 34 33 39 42 57 62 63 62 71 68 70 73 78 76 104 115 106 115 110 101 96 92 90 88 84 80 75 74 65 64 59 48 46 39 36 34 33 31 30 25 24 27 31
85 79 84 77 74 82 75 73 69 70 74 78 89 86 93 96 99 102 103 105 108 141 138 134 132 131 133 130 127 118 112 109 106 101 102 81 74 71 67 63 60 57 48 50 46 35 30 28 25 22 19 18 13 15 17 21 25 29 32 34 38 42 47 52 57 62 65 89 90 95 94 100 104 105 109 114 103 99 94 93 83 77 75 74 72 61 59 55 54 53 49 41 37 34 32 37 32 29 32 36
81 77 81 76 71 78 77 71 68 71 74 79 86 84 89 93 94 99 100 106 102 116 113 139 134 141 136 133 132 109 118 114 100 98 97 92 80 76 69 64 71 69 69 53 50 34 33 30 29 27 25 19 1 19 21 22 24 27 32 35 39 45 50 51 55 82 83 87 91 91 92 96 101 104 107 111 106 103 98 81 80 76 73 69 67 65 63 54 50 49 45 43 41 39 38 34 33 33 37 38
76 75 80 69 66 77 74 70 67 72 77 76 82 81 84 85 97 101 105 108 99 107 111 112 146 145 140 135 110 105 101 99 94 93 92 87 85 80 71 71 69 67 64 65 40 39 38 35 31 26 21 18 13 17 24 27 29 31 35 37 54 57 51 64 74 79 81 83 84 89 90 95 98 102 107 110 110 91 90 85 84 80 76 68 65 63 58 55 52 52 49 48 46 40 39 38 39 38 41 52
75 74 71 68 64 73 70 66 65 66 70 72 74 79 81 86 89 90 108 96 97 102 106 109 115 116 116 115 111 108 104 100 97 98 97 92 89 84 86 91 66 64 59 63 54 45 43 39 33 27 26 23 14 18 19 21 26 35 38 43 51 53 57 62 73 77 80 86 90 91 93 99 100 104 107 109 114 98 94 89 86 71 70 67 66 64 62 58 57 59 56 52 48 62 57 52 47 42 43 48
71 69 67 64 61 64 74 62 60 63 66 68 70 75 80 83 84 86 98 93 96 99 100 109 111 113 117 114 113 111 107 105 106 103 100 93 106 85 91 74 71 59 55 55 50 46 42 41 42 34 33 28 32 33 24 22 25 39 40 44 46 47 69 70 71 75 78 88 93 95 97 103 104 109 112 116 99 96 92 79 77 76 71 71 78 68 63 67 62 61 59 54 66 63 58 55 50 43 45 48
68 66 62 61 59 60 60 57 58 61 65 70 74 77 76 85 90 83 94 91 92 97 99 106 109 112 130 130 139 136 132 124 122 117 114 111 101 100 96 71 68 54 52 50 48 47 43 44 47 37 35 29 33 37 41 24 26 43 46 49 51 54 65 68 73 80 84 86 92 100 95 106 107 113 115 118 98 93 88 83 80 86 85 80 77 73 68 70 90 87 82 80 70 65 61 56 54 44 48 49
64 63 58 57 54 57 56 53 57 62 66 65 67 77 74 76 80 82 91 89 94 96 99 103 119 122 128 125 138 134 129 128 115 111 109 107 106 103 101 66 63 61 59 54 52 51 53 52 48 44 39 44 47 40 44 47 49 48 48 52 54 56 61 66 77 80 82 84 88 91 92 94 98 118 120 123 99 94 101 97 94 92 90 85 80 75 70 89 87 82 79 78 73 69 65 58 56 48 53 52
63 59 55 53 49 54 50 48 53 58 61 63 67 72 73 77 85 80 83 88 89 92 110 110 118 117 123 124 128 130 125 124 119 114 113 112 107 104 103 70 66 66 61 59 62 59 54 53 51 47 42 47 51 41 48 52 53 52 53 57 58 60 64 69 73 78 83 89 94 96 101 96 100 121 125 124 104 106 104 99 98 98 95 99 83 112 94 93 88 87 80 81 77 73 62 59 57 58 56 53
44 45 38 50 45 43 42 43 47 59 64 65 65 63 69 85 82 77 79 84 85 88 107 108 114 116 119 121 122 138 137 135 133 121 118 115 110 79 74 71 67 65 64 61 66 64 58 54 54 48 50 50 64 66 71 74 76 77 57 59 66 65 69 73 77 79 84 90 94 96 98 106 109 125 116 121 155 153 148 147 144 144 97 104 115 110 105 106 90 89 94 82 79 74 65 64 60 63 65 58
43 41 35 34 44 41 37 40 44 45 50 57 61 61 67 69 74 76 80 84 90 100 102 107 110 112 114 117 118 141 142 134 132 122 117 114 112 76 73 72 73 70 65 65 71 68 59 57 58 51 54 59 63 67 70 77 86 88 62 95 99 70 71 74 76 78 83 94 96 98 103 105 110 111 115 158 153 152 147 142 139 140 145 126 122 103 102 101 97 93 98 101 81 78 75 67 63 66 70 62
41 37 33 31 32 30 35 39 41 44 47 52 57 60 64 67 72 73 78 84 101 98 100 104 106 116 118 121 125 126 133 131 128 123 122 115 117 81 78 75 76 71 68 73 72 71 74 60 63 52 55 63 65 69 72 74 83 84 89 93 98 103 72 79 81 84 101 99 102 103 107 106 115 118 119 156 154 143 140 137 135 134 126 124 121 120 99 98 97 96 100 103 104 75 71 70 66 68 70 74
39 37 33 30 31 29 32 33 38 41 46 51 59 55 59 62 67 69 80 82 84 95 98 103 104 107 116 120 122 123 113 134 133 124 123 120 90 79 77 76 76 74 73 76 78 80 85 64 72 70 68 65 68 73 76 77 78 81 88 91 94 101 106 108 110 111 114 100 107 108 112 115 120 122 155 153 150 146 141 134 132 130 128 124 120 116 112 109 104 100 101 108 90 81 76 75 67 73 72 73
34 32 29 29 24 27 32 31 41 42 44 49 57 54 58 60 62 72 76 81 82 90 95 97 102 107 112 117 121 124 108 110 138 128 97 92 87 85 82 80 78 77 77 77 82 84 88 84 79 76 72 68 81 76 81 80 82 85 86 88 99 100 101 105 109 111 115 104 111 113 115 119 125 128 160 158 155 147 146 136 137 131 132 129 123 120 116 114 105 104 105 94 89 85 80 77 69 77 73 78
33 31 26 27 22 26 28 30 33 38 43 47 52 53 58 61 64 67 71 73 86 85 87 100 104 106 110 95 99 101 103 107 85 133 69 106 101 100 95 90 88 84 82 89 84 89 99 103 82 80 76 78 79 77 79 84 88 86 88 93 97 99 104 109 113 114 119 121 122 123 118 120 122 126 131 159 154 151 145 138 136 132 132 131 128 124 119 116 106 105 94 92 91 88 85 82 71 79 74 80
29 26 25 22 20 22 27 31 32 34 39 44 47 54 62 65 67 72 74 88 85 81 85 90 91 95 94 93 95 100 101 106 82 87 66 108 107 103 98 91 91 89 87 88 87 90 97 100 89 86 81 79 84 80 81 82 84 88 91 94 99 102 107 109 115 116 123 128 131 135 123 125 125 128 166 162 151 150 144 143 138 134 109 106 116 114 112 110 109 109 98 97 94 90 91 86 87 92 93 95
34 32 27 22 17 21 26 31 34 38 40 43 44 49 63 67 71 76 80 92 81 79 73 74 92 78 82 88 89 101 72 75 78 64 61 64 88 82 80 94 97 92 97 95 91 95 96 94 92 85 84 85 86 89 85 85 86 89 92 94 97 103 106 110 119 131 127 130 135 137 141 147 127 140 134 152 149 145 143 142 141 106 103 105 107 105 102 108 107 104 107 108 98 94 91 88 91 93 95 106
32 25 24 19 0 14 15 33 38 42 42 43 49 54 56 74 73 80 82 81 80 75 70 72 73 76 81 85 86 74 69 70 73 74 60 62 85 80 79 78 79 96 101 97 95 97 98 93 91 90 86 91 89 94 87 88 88 94 95 95 100 106 107 121 124 129 132 135 139 144 140 145 146 137 132 130 125 125 120 110 107 105 101 100 103 102 99 95 102 100 105 109 99 102 92 93 92 95 99 101
31 30 26 22 16 20 40 45 49 53 47 51 52 54 56 78 77 78 76 72 69 68 65 67 70 75 76 77 62 70 66 68 71 47 56 60 81 79 76 73 67 68 104 101 105 101 99 98 95 91 91 95 94 99 88 91 102 99 104 98 110 113 115 119 123 124 127 131 134 135 137 142 146 150 129 126 120 119 118 109 102 100 97 96 101 98 96 94 97 98 103 95 92 98 99 95 101 97 102 103
34 35 29 25 17 18 35 38 51 58 51 52 54 55 57 81 78 82 72 71 68 66 64 65 56 57 58 59 59 67 62 64 64 46 51 81 78 74 73 69 64 69 108 105 104 102 106 100 97 92 95 100 97 100 89 110 105 100 103 107 109 113 116 120 126 129 134 134 137 139 140 142 147 118 126 121 119 118 113 108 104 103 98 94 98 90 94 93 95 102 84 93 88 93 97 96 103 101 104 109
43 40 33 28 22 27 30 34 37 38 40 57 56 61 58 80 79 81 56 49 69 65 62 60 54 56 51 53 54 63 60 61 62 44 52 46 50 72 70 66 62 67 72 111 107 106 112 100 98 94 96 106 102 112 94 114 110 105 104 111 110 116 118 122 130 133 137 141 146 151 141 144 145 116 114 125 120 115 114 113 106 104 91 90 89 87 84 88 90 87 83 88 86 89 93 97 104 106 86 112
45 44 36 24 23 30 32 35 40 43 48 49 50 54 57 81 80 59 54 47 47 67 59 55 51 49 48 49 53 59 57 61 38 42 47 43 48 49 66 64 59 63 68 69 111 112 107 102 99 97 99 101 105 109 122 117 114 118 109 114 118 118 123 125 132 136 137 138 141 146 146 145 117 112 111 108 106 118 117 115 111 106 90 86 85 82 83 86 87 85 80 83 85 89 93 94 86 83 81 82
51 47 48 27 28 31 37 42 41 48 52 54 55 59 63 85 56 50 49 45 42 41 54 50 49 46 43 46 50 54 52 36 37 39 41 42 44 51 49 56 55 57 64 65 66 75 110 108 103 102 102 104 109 112 114 117 115 118 119 118 121 135 133 129 134 139 144 149 144 145 149 150 155 117 106 104 103 100 95 93 116 90 86 83 80 79 74 73 75 77 75 78 80 82 88 90 83 81 78 81
52 51 54 57 60 42 41 42 53 52 55 58 59 64 67 56 52 50 46 43 38 36 52 49 46 41 38 43 45 47 49 33 31 36 38 40 41 45 47 57 52 55 59 62 67 74 75 113 110 105 106 111 111 113 116 119 120 120 121 120 144 139 136 131 139 142 143 153 149 150 150 152 155 111 110 108 98 97 94 92 91 87 93 88 81 76 72 70 71 68 74 76 79 80 84 86 89 80 75 79
54 52 59 62 62 46 42 45 62 57 62 63 74 77 82 58 52 50 49 40 41 31 27 29 36 35 34 37 38 48 53 31 29 34 34 37 41 44 43 53 51 52 56 60 63 69 70 72 112 106 109 111 116 114 123 120 127 123 128 130 133 141 145 134 143 147 149 150 150 151 156 156 112 108 106 104 100 102 98 91 87 85 88 85 84 75 70 67 67 66 71 73 75 78 83 84 67 66 71 74
57 60 63 68 71 47 44 70 63 58 61 68 69 67 55 54 51 49 47 39 37 27 26 24 20 36 31 25 28 35 30 26 27 29 33 37 41 45 42 50 47 50 52 65 67 68 69 71 75 111 113 116 117 118 125 123 125 124 127 136 148 145 146 138 144 147 148 149 154 133 132 114 110 105 103 103 99 97 95 96 85 82 83 80 79 74 67 66 65 64 65 68 72 74 77 81 65 63 66 70
62 61 65 69 73 49 71 67 66 63 65 66 68 66 65 56 49 45 43 39 35 34 27 23 19 20 26 24 27 31 32 25 22 27 30 34 37 43 38 45 46 48 51 55 57 72 73 75 77 116 114 116 119 120 127 127 127 125 130 132 142 148 150 139 145 148 149 153 133 128 130 106 105 102 101 100 97 95 92 86 79 78 79 85 74 71 67 65 63 61 65 67 68 68 62 61 66 61 66 66
64 66 67 72 75 80 72 72 67 67 70 71 67 63 61 53 49 44 39 35 33 30 33 23 18 18 16 20 21 27 29 33 19 25 29 31 35 38 35 40 44 49 54 64 66 67 70 71 74 118 117 118 123 121 122 132 133 129 135 138 141 145 150 151 160 164 168 126 125 127 129 118 115 111 109 104 91 90 87 82 78 75 77 74 70 68 65 61 63 56 58 62 65 66 57 58 55 59 60 64
76 71 71 75 80 85 89 76 72 72 76 73 74 58 57 52 48 45 41 33 32 27 23 18 17 15 15 17 19 23 28 11 16 20 22 25 39 34 32 35 49 53 57 60 63 68 69 75 79 82 122 119 122 125 126 134 138 132 138 139 143 144 155 157 159 161 128 125 122 126 130 107 104 112 111 89 88 85 82 81 78 74 73 68 65 62 61 56 58 54 57 59 60 65 52 50 53 55 56 60
79 75 72 76 81 86 87 82 78 73 75 77 72 67 62 54 52 41 38 35 28 24 20 15 13 10 12 13 23 17 11 10 13 11 20 22 25 29 31 34 38 46 47 49 66 71 63 66 80 84 127 123 125 129 127 129 142 145 143 147 148 150 154 159 164 139 122 121 118 123 117 107 103 94 90 86 85 83 85 76 73 70 69 66 64 64 60 55 50 49 55 63 57 49 47 47 50 52 53 58
80 79 74 81 82 84 90 83 80 77 82 80 73 67 66 68 45 41 40 33 28 25 11 10 9 1 14 18 21 13 6 8 9 10 15 19 23 26 29 38 41 45 50 51 55 57 60 64 67 90 92 126 128 134 132 137 154 150 146 152 150 153 154 141 142 136 126 118 117 115 113 102 98 101 99 94 82 81 80 79 71 67 66 63 60 56 52 50 48 47 50 53 53 56 45 46 47 53 58 56
85 88 89 86 86 88 92 84 83 81 86 81 73 70 71 57 56 44 36 37 32 28 16 15 7 6 9 14 16 12 0 6 13 14 16 20 26 28 32 37 39 41 51 62 63 69 74 76 82 86 80 81 85 92 96 99 160 155 159 156 161 158 143 139 137 133 121 116 115 114 109 107 97 96 94 89 84 83 81 77 72 67 60 58 57 56 53 47 46 45 46 49 52 55 42 47 45 51 54 55
88 91 94 96 90 93 89 86 84 83 88 66 63 65 56 52 51 33 31 29 26 24 19 14 12 10 11 15 17 14 16 10 18 23 19 20 31 34 36 38 41 43 44 60 65 68 72 78 79 78 79 80 83 88 93 96 99 159 163 160 165 166 145 144 136 132 131 117 113 109 106 102 99 95 87 84 79 78 73 72 67 65 62 61 59 55 50 48 43 41 43 46 49 35 39 43 44 48 53 58
92 95 96 98 103 93 90 89 89 71 93 63 62 60 55 50 47 31 29 28 25 22 20 17 16 11 12 17 18 17 21 22 25 24 24 27 35 37 39 47 45 50 53 57 62 67 70 73 75 77 78 81 85 89 93 114 161 160 162 164 170 175 146 145 135 133 128 128 117 112 108 104 97 94 93 90 85 80 77 72 71 66 65 64 64 59 42 40 39 36 29 33 26 30 34 37 41 51 59 60
93 98 101 105 101 97 95 91 68 66 62 59 58 55 51 47 43 38 33 32 28 23 25 21 19 16 15 18 19 22 25 27 28 29 27 31 34 39 47 50 48 51 56 60 67 70 75 76 97 103 110 114 116 120 104 110 115 161 166 168 174 180 140 137 134 132 127 124 122 117 113 107 96 95 98 93 86 84 82 74 60 56 54 49 45 41 40 38 36 31 28 32 25 27 30 31 36 48 55 59
101 100 103 106 106 100 70 69 64 61 59 58 56 55 53 50 47 42 34 33 29 27 27 25 24 23 22 19 24 24 25 30 31 30 29 31 32 35 42 46 52 55 58 60 62 75 76 81 94 99 105 109 111 102 101 106 107 110 113 118 132 131 137 133 138 135 134 129 116 111 107 106 101 96 100 98 100 72 74 70 67 60 55 49 44 43 38 35 34 29 26 21 24 29 35 41 44 47 51 53
105 103 104 109 87 83 77 73 67 66 62 61 57 60 56 53 49 37 36 34 33 31 32 29 27 26 25 24 30 27 28 30 35 36 34 35 37 39 40 44 47 51 54 57 61 95 87 94 93 95 100 102 95 98 100 101 112 115 117 119 130 130 135 131 133 137 135 132 121 116 111 110 106 99 105 103 104 67 64 63 62 58 54 52 48 47 41 36 35 25 22 20 21 26 28 39 44 38 55 60
109 105 109 110 82 80 79 78 68 67 60 58 57 55 60 58 53 42 38 36 34 34 27 31 32 30 30 39 36 32 37 38 56 39 39 39 38 43 44 48 51 53 54 57 91 90 85 88 88 91 97 102 93 95 97 99 103 117 120 123 125 128 133 130 134 135 141 137 123 119 116 112 109 108 103 99 99 92 89 68 65 61 57 53 47 50 39 42 40 35 19 15 18 22 27 34 35 35 38 42
110 112 110 86 85 83 88 86 78 74 72 56 55 51 47 46 49 44 34 33 31 29 25 27 24 34 34 44 40 37 41 44 52 54 41 42 41 54 49 52 53 55 58 75 90 85 84 83 85 89 93 97 88 90 92 100 110 113 115 120 123 126 128 127 130 136 147 142 125 124 108 103 100 101 99 94 98 88 84 86 81 54 51 50 45 42 37 33 32 31 17 14 15 20 26 30 28 31 35 40
122 117 113 90 86 86 84 81 77 72 71 70 68 65 45 43 39 34 33 30 29 28 24 21 23 27 48 46 41 39 42 45 47 50 52 63 64 67 53 57 62 65 68 74 67 82 77 81 82 84 86 91 85 86 95 98 107 111 113 113 118 118 123 126 128 133 114 110 107 105 104 99 97 96 93 89 85 84 83 81 78 74 53 43 41 40 39 38 29 26 21 1 13 18 21 25 27 30 35 37
124 119 117 93 90 93 81 79 75 71 70 67 64 62 60 53 39 37 34 34 29 24 23 18 22 27 30 49 42 43 46 46 52 53 58 61 63 66 76 58 64 64 62 73 65 81 76 78 81 83 88 87 83 86 90 104 102 104 112 111 114 117 120 122 129 131 136 120 119 111 106 103 95 94 92 88 83 83 78 74 73 69 44 40 39 38 36 35 20 18 14 10 13 19 21 25 29 31 34 38
123 121 120 96 91 94 84 80 77 72 72 71 60 58 56 52 55 38 38 27 24 19 17 16 14 17 20 25 43 46 48 51 53 64 69 62 67 77 74 76 68 61 59 68 63 68 73 74 78 80 70 73 78 81 85 88 99 101 105 107 111 116 120 124 127 130 131 119 114 110 107 104 90 93 88 85 80 78 74 73 63 64 67 44 43 41 35 34 31 19 16 12 16 24 26 30 32 32 35 40
125 125 93 95 86 81 79 76 71 67 77 73 61 55 53 49 54 41 27 24 22 20 16 11 9 14 19 21 26 52 49 53 56 59 62 65 77 80 71 63 64 60 57 57 62 64 69 71 80 70 69 75 74 81 90 100 95 96 101 104 106 109 117 119 123 127 132 121 107 105 92 89 85 84 83 80 78 74 71 69 61 60 64 60 55 41 36 32 27 22 17 16 17 18 31 36 41 36 41 45
108 97 92 91 88 85 78 74 69 64 59 54 51 50 49 46 45 40 42 29 27 23 19 1 7 9 14 18 21 31 54 57 58 63 63 66 75 67 66 62 59 59 53 56 58 62 66 69 70 69 68 71 73 78 82 96 92 94 99 101 105 108 113 117 121 122 135 105 102 101 98 95 91 90 87 82 80 70 67 64 62 59 60 55 51 34 32 31 27 25 23 19 22 41 36 38 40 40 45 48
105 104 100 95 92 88 79 76 71 63 61 59 54 53 45 43 40 38 37 37 33 30 20 8 8 14 19 21 24 28 31 60 61 68 72 73 70 65 63 61 58 55 50 53 57 58 61 64 71 67 64 65 69 70 91 84 89 89 92 104 106 108 118 123 125 129 131 132 116 106 103 99 96 92 87 89 83 73 70 65 57 56 53 50 47 45 40 35 31 27 25 20 23 40 37 42 45 49 48 50
108 105 101 98 91 87 82 80 71 67 66 59 56 51 47 44 42 35 34 30 30 27 16 12 11 18 21 26 30 31 40 44 70 69 70 69 66 64 63 60 56 52 47 49 54 55 59 59 54 57 63 65 68 73 86 82 86 88 90 92 104 106 108 128 129 132 126 125 115 110 106 103 97 87 86 84 79 71 66 65 60 60 55 53 50 45 41 40 33 31 29 21 26 43 41 42 50 55 52 51
111 107 105 92 88 87 84 83 76 71 61 56 53 51 50 43 42 37 32 28 25 23 18 13 15 19 24 28 31 33 36 39 44 71 73 69 64 60 58 61 59 45 42 43 55 54 56 54 52 56 58 59 61 63 83 79 85 93 98 98 102 103 107 135 132 127 125 120 114 108 102 101 96 91 90 82 77 74 69 67 62 61 58 54 52 47 46 45 38 34 32 24 28 30 46 47 49 60 60 55
111 110 106 109 92 88 88 82 80 76 65 62 58 47 44 41 37 35 34 31 28 27 23 16 19 21 22 42 36 34 37 44 72 70 68 64 63 59 57 53 37 36 41 42 47 50 49 49 51 56 59 64 63 81 79 78 80 85 94 96 97 100 112 126 126 119 118 115 112 107 106 104 98 94 94 84 80 75 73 79 75 76 70 71 64 51 48 44 43 48 37 34 30 56 51 52 54 58 61 59
117 113 105 104 99 96 92 89 84 63 62 61 56 47 43 41 40 37 37 39 38 24 22 21 25 28 33 38 44 39 41 45 62 60 65 61 60 55 53 52 40 35 40 45 50 45 47 47 49 54 66 65 69 76 75 76 81 86 89 94 95 108 108 124 123 122 119 121 116 112 107 105 107 97 97 87 106 102 97 76 73 71 68 66 62 57 52 47 47 51 54 66 64 59 56 54 56 58 67 68
119 116 104 103 101 96 93 72 68 64 60 56 54 49 46 46 43 44 40 38 33 30 26 25 29 32 42 46 47 42 46 47 59 57 60 56 51 47 43 48 32 31 33 37 38 41 44 46 48 50 62 63 64 72 73 74 78 88 93 95 98 103 107 108 118 121 121 123 121 124 108 106 119 118 113 108 98 93 92 80 76 74 72 70 66 62 54 51 53 52 59 68 65 61 58 59 58 59 62 63
113 111 102 99 96 93 88 91 70 87 64 59 57 74 49 45 44 41 37 35 34 33 28 29 32 35 40 42 46 61 66 62 58 56 57 53 48 47 42 46 32 26 27 22 40 44 47 50 53 57 61 66 67 69 72 75 77 86 97 99 102 106 108 112 117 119 120 129 125 127 126 122 118 114 111 106 99 94 90 85 83 78 74 72 69 66 55 56 55 55 81 76 73 70 65 64 63 61 65 68
111 110 109 98 94 90 87 84 80 83 78 63 75 73 67 62 46 50 45 41 40 38 29 30 36 37 45 46 52 58 59 62 54 51 49 48 44 42 39 37 27 25 30 18 22 23 52 54 55 60 64 66 67 70 74 78 79 83 86 91 101 106 110 115 122 122 124 129 128 129 129 126 122 110 107 105 103 99 91 90 86 83 85 87 71 71 57 62 58 88 84 81 74 72 70 65 67 64 66 78
110 108 106 101 97 84 83 81 79 78 76 75 72 68 64 60 57 48 47 45 41 40 32 34 39 40 48 53 49 57 59 58 56 53 48 47 43 39 36 34 31 24 20 15 20 25 32 36 60 34 42 68 72 73 78 82 80 88 93 96 99 101 112 115 127 124 126 131 129 131 132 126 124 129 112 109 104 102 101 99 90 85 87 72 68 63 59 60 62 90 89 86 76 78 73 70 71 67 72 77
115 111 106 104 100 97 93 85 83 81 79 76 78 73 61 58 53 52 48 47 44 45 48 43 40 43 44 45 48 53 54 55 60 54 49 52 46 41 36 31 26 23 19 0 19 23 28 31 32 33 40 42 45 49 50 83 81 90 91 93 102 104 109 109 129 127 128 132 135 136 140 127 122 121 111 110 106 101 98 94 91 90 88 76 72 64 60 61 63 68 88 83 82 79 75 77 74 70 75 81
108 104 101 100 95 93 91 90 89 84 83 84 79 76 77 60 54 54 52 48 46 50 50 47 45 47 48 50 51 57 59 61 62 59 55 53 48 40 35 34 27 28 24 9 12 17 23 28 33 32 35 40 41 46 48 57 61 95 84 88 92 95 103 105 107 129 129 133 142 137 120 119 117 116 113 107 103 98 97 95 93 94 99 73 70 67 64 69 74 69 95 90 87 84 81 76 75 73 76 84
113 111 107 104 104 100 95 93 90 87 84 82 81 81 82 63 59 60 57 51 51 53 54 51 50 52 50 51 56 61 63 62 68 64 52 49 45 43 40 38 36 31 27 14 16 17 21 22 26 31 34 37 43 48 53 54 57 77 79 80 94 95 99 101 105 106 108 132 138 133 128 123 118 118 111 109 108 103 100 98 99 96 101 75 72 72 66 71 72 98 93 91 90 93 81 77 79 81 79 88
112 107 106 105 103 102 100 100 95 89 87 85 83 89 86 89 63 58 55 53 52 60 58 54 57 55 58 55 86 82 81 77 66 61 55 50 48 45 41 41 37 20 18 16 20 22 23 27 28 30 39 42 44 45 48 50 72 73 78 80 98 98 100 101 108 112 117 130 128 127 126 122 117 116 111 108 104 103 101 103 105 101 102 77 73 72 71 73 99 98 96 95 91 87 83 79 82 84 88 91
112 109 112 111 109 106 104 102 99 94 90 89 88 90 88 93 66 59 56 74 73 68 63 60 58 58 63 90 85 83 78 73 59 58 53 52 55 50 45 43 39 20 19 19 32 27 27 29 33 38 40 41 45 54 60 65 70 75 77 78 80 82 103 106 107 113 108 113 129 124 119 117 116 114 112 109 107 108 105 112 108 106 111 79 75 79 75 77 103 99 98 97 102 103 86 82 83 85 92 93
125 121 116 115 114 112 108 106 100 95 93 90 93 95 97 98 84 83 82 77 76 69 64 61 60 65 66 92 76 73 72 71 66 63 57 56 56 54 55 48 43 25 22 25 28 30 34 32 35 40 41 44 49 51 55 56 61 76 81 81 86 87 88 92 93 108 103 105 127 125 122 121 118 116 114 118 114 111 112 116 112 110 113 84 80 85 78 81 108 104 103 99 100 112 112 85 101 98 94 98
127 123 119 121 117 114 109 109 104 99 101 92 97 97 101 98 93 92 88 84 79 74 85 80 63 70 74 78 83 68 67 65 64 61 59 57 62 55 43 34 33 32 27 28 31 33 34 38 39 42 43 46 53 54 57 57 61 77 81 82 90 89 91 96 98 105 102 102 128 93 88 125 118 117 121 122 119 113 113 121 117 122 118 89 85 87 82 84 106 105 106 100 104 107 109 114 103 100 97 102
129 128 125 122 119 119 114 112 108 104 105 94 102 103 105 103 101 96 91 85 80 84 80 79 78 73 75 80 86 69 68 67 69 63 61 62 63 40 39 35 34 33 28 31 32 34 37 42 40 45 50 51 55 57 58 71 70 76 79 80 82 85 90 91 95 104 101 97 101 89 84 82 77 72 124 123 122 123 117 74 76 79 82 91 88 84 87 87 112 108 107 101 106 109 112 114 104 103 108 107
133 132 127 124 120 124 117 115 113 105 97 96 107 106 111 105 100 97 94 88 82 87 81 84 81 78 79 82 88 75 73 68 72 68 65 65 68 44 41 39 38 35 37 34 38 40 45 47 43 46 47 54 67 62 66 67 69 73 75 82 119 122 94 95 106 101 97 96 97 90 83 82 72 70 66 126 124 68 73 70 73 76 81 86 81 80 81 83 113 112 111 109 108 112 117 116 107 104 109 110
136 137 132 128 125 120 118 114 110 105 102 101 105 107 103 105 102 100 100 95 95 90 91 88 92 82 83 86 70 69 66 69 75 70 64 69 71 73 48 46 43 40 41 37 41 44 46 51 46 51 76 78 76 64 68 69 71 76 109 114 115 117 118 122 100 99 96 94 84 87 83 77 72 68 65 65 71 67 66 65 70 74 77 82 77 76 77 81 85 114 113 114 111 123 121 119 114 112 110 113
147 142 141 136 135 133 123 120 115 112 107 102 104 119 100 103 96 94 94 91 93 94 96 93 85 86 89 80 70 65 61 62 73 67 62 63 67 52 51 46 45 42 46 39 43 48 56 55 59 62 71 73 74 81 69 73 99 103 108 110 114 118 122 86 87 83 95 90 82 78 79 74 71 67 63 64 67 66 64 64 69 75 75 76 72 71 74 75 86 122 117 116 133 128 126 131 120 116 114 114
145 141 136 134 130 129 124 123 118 113 110 113 114 118 99 103 94 92 91 87 88 84 83 81 80 84 87 77 65 63 59 61 68 66 61 62 64 67 73 47 50 52 56 40 54 50 52 60 61 65 68 69 72 76 81 98 96 98 103 96 115 119 103 83 82 79 88 86 81 74 83 74 72 66 61 60 65 63 62 60 64 68 73 74 69 68 73 78 81 85 85 87 134 131 129 132 134 120 119 115
149 145 140 139 134 131 128 124 121 125 111 102 118 99 95 99 90 89 86 82 85 77 83 78 76 77 75 72 69 63 57 60 62 58 58 59 62 65 68 77 55 55 58 59 55 52 53 56 62 67 72 75 73 95 96 93 95 97 100 93 95 97 102 105 89 77 77 81 76 71 78 65 64 59 64 59 60 62 58 57 60 65 71 73 66 63 65 76 78 83 82 86 139 135 133 135 127 123 117 116
151 148 147 144 145 135 133 129 125 127 102 98 97 94 90 90 89 86 81 80 77 74 81 77 72 71 68 68 64 59 55 56 61 53 55 56 60 68 70 75 74 76 81 85 60 53 55 68 65 72 76 79 102 94 92 91 90 94 95 88 91 92 97 102 85 74 72 71 72 69 74 62 61 57 60 58 55 52 58 55 59 62 67 70 61 62 67 73 76 76 80 83 84 92 136 99 101 125 119 117
154 150 149 147 152 138 137 132 129 130 98 97 92 89 86 85 84 82 80 78 73 69 70 66 71 67 63 68 67 58 54 51 57 52 59 62 62 66 67 63 69 70 75 87 62 58 73 71 67 73 77 100 97 101 94 91 86 87 89 86 89 92 105 101 81 74 71 70 69 66 70 58 57 53 58 56 52 48 56 51 46 66 70 60 58 57 65 69 71 75 77 81 86 91 93 95 98 99 120 119
156 160 151 152 157 119 118 114 113 108 104 101 93 92 89 86 82 78 76 72 68 67 65 64 65 64 60 57 56 55 52 47 48 51 55 57 50 55 57 59 64 66 68 70 68 72 74 73 68 88 87 99 94 98 90 85 83 85 85 83 84 87 101 99 79 71 70 69 66 62 67 58 54 48 49 45 40 43 51 48 44 48 55 55 52 56 61 64 74 71 74 82 83 84 88 92 98 100 101 123
160 165 154 157 158 121 120 120 118 112 106 98 96 96 94 83 82 80 76 75 70 67 64 60 63 61 58 58 55 51 46 45 43 47 35 45 47 52 53 55 60 70 60 64 67 66 92 91 91 86 86 97 92 86 85 81 78 83 82 78 81 86 102 97 74 69 68 65 63 58 51 47 50 45 46 39 36 40 45 39 43 46 50 54 49 55 60 65 67 70 73 78 79 83 84 88 93 96 100 122
171 169 172 162 164 144 142 125 122 127 107 99 100 97 89 85 81 79 75 71 69 65 60 58 59 55 53 51 50 43 40 39 38 33 34 42 47 45 57 62 48 52 55 60 62 63 65 87 86 81 81 94 90 85 81 78 74 73 76 77 76 80 100 94 95 94 63 62 57 54 50 46 40 41 45 34 33 37 42 37 41 41 42 49 48 52 53 56 65 68 68 72 76 85 89 93 94 100 110 118
172 171 175 167 146 141 141 127 123 130 104 100 97 95 90 89 85 84 65 64 72 70 58 57 50 56 51 50 47 42 41 37 33 32 32 37 41 42 39 42 44 50 50 55 58 63 68 72 81 77 78 81 76 74 72 73 70 69 72 73 74 79 96 93 93 90 95 66 53 52 44 42 38 40 38 34 32 33 36 34 37 36 37 39 45 49 56 58 61 63 64 67 80 89 91 95 102 106 108 113
170 169 172 165 140 138 136 131 126 131 93 92 89 101 96 91 86 64 61 60 59 57 56 53 48 51 46 46 47 34 30 33 37 30 28 31 31 33 34 39 42 46 48 50 60 59 63 62 79 74 68 63 67 70 67 62 70 68 70 75 79 96 95 92 89 88 86 91 52 49 44 41 37 36 37 32 29 28 30 32 31 34 36 38 43 48 53 54 58 60 67 68 70 94 95 96 101 104 107 118
167 165 162 162 156 140 137 133 149 94 92 90 87 82 80 77 74 73 66 62 58 58 55 51 46 50 45 44 27 31 27 31 32 25 23 24 26 28 31 33 47 48 53 54 55 57 58 61 68 69 64 61 66 65 63 58 63 66 70 73 74 76 91 88 87 84 81 88 91 50 48 39 34 33 32 30 25 24 25 27 30 30 33 37 39 42 44 48 49 57 61 72 75 76 100 99 106 105 110 119
167 162 157 159 155 160 150 143 145 149 131 129 128 121 78 76 71 68 66 61 56 53 49 47 44 44 43 40 25 24 22 26 37 22 21 22 23 27 32 34 38 43 56 55 59 59 63 68 67 66 59 59 54 56 58 54 60 64 68 71 72 74 91 87 83 86 80 84 89 42 42 41 31 29 28 24 21 20 20 25 28 29 31 32 34 44 46 47 51 53 56 57 76 79 106 102 105 108 112 124
164 159 156 155 152 148 146 142 140 141 126 126 123 118 112 64 68 67 62 57 57 52 50 45 40 39 40 38 33 16 21 16 19 18 20 25 28 32 35 40 39 43 49 50 93 86 88 67 63 62 58 57 53 51 56 53 55 60 72 75 72 71 71 83 82 81 78 83 44 39 38 37 42 24 18 17 16 17 19 20 21 31 28 29 34 39 43 47 48 50 51 68 73 77 109 107 107 82 83 87
157 154 153 152 148 144 143 138 137 129 125 118 117 114 111 62 61 58 57 55 53 49 45 40 37 36 35 33 32 15 16 11 16 13 18 24 25 29 34 37 38 41 45 48 88 85 86 63 60 57 53 52 51 50 46 48 50 47 53 57 50 69 66 68 80 77 75 75 36 38 38 34 36 23 17 14 11 12 15 17 22 24 25 27 29 41 45 50 52 57 61 65 69 73 111 109 78 80 81 83
166 163 161 157 142 141 137 135 132 128 123 117 116 109 110 113 67 62 58 59 52 50 46 39 38 39 34 32 27 12 6 8 11 11 14 19 23 32 36 39 38 41 44 51 52 84 85 95 93 61 57 52 47 45 41 45 47 46 49 43 45 68 62 65 70 75 70 74 32 36 35 30 34 20 16 14 8 6 7 10 23 26 30 36 34 38 43 52 53 54 60 65 70 62 63 70 75 79 82 80
171 165 149 160 150 145 143 139 122 123 119 115 112 107 102 102 68 64 62 58 52 51 39 38 35 33 28 27 24 11 5 7 8 9 13 23 25 27 29 32 35 39 43 48 49 81 82 92 88 90 60 43 42 40 40 41 45 43 48 38 40 66 60 62 67 70 66 69 30 28 25 28 32 17 12 11 4 5 8 11 24 26 26 33 33 34 38 43 57 55 56 61 57 60 63 68 73 75 77 79
150 145 144 143 141 136 126 121 120 121 116 111 110 105 99 98 103 68 57 53 50 46 42 39 37 36 33 21 19 1 3 4 7 11 15 16 20 25 29 34 39 43 48 52 82 79 75 81 83 85 43 38 38 37 39 42 32 38 34 34 34 63 58 63 54 62 62 32 33 25 21 25 10 6 3 1 3 5 16 18 20 23 25 28 32 34 36 39 44 50 52 53 54 58 60 64 66 71 73 75
154 147 142 141 137 134 124 122 119 117 112 107 105 101 99 97 92 88 65 61 51 58 52 40 39 37 32 27 22 2 8 7 11 15 16 19 25 27 31 32 44 92 85 83 77 76 70 76 78 50 38 36 35 33 33 28 31 37 32 31 32 36 54 46 52 59 61 29 28 23 19 18 9 8 7 18 8 12 13 14 17 19 23 24 35 38 40 41 45 46 47 48 53 57 58 59 64 68 75 76
154 149 145 136 132 131 127 124 123 120 105 102 101 99 97 93 89 87 61 58 54 53 48 48 44 39 34 28 23 15 12 11 16 17 20 21 23 32 37 38 88 87 84 79 74 72 67 71 75 49 54 45 36 31 29 27 32 28 34 29 35 40 49 45 49 54 59 30 20 17 16 13 12 10 11 10 9 10 18 18 18 20 25 26 30 43 42 43 47 50 54 57 56 60 62 63 67 71 72 73
158 148 143 139 140 135 132 126 124 121 112 111 106 103 99 89 85 83 62 57 53 48 47 46 45 47 35 33 26 19 17 13 21 19 25 25 26 30 34 35 36 92 88 73 70 66 65 68 44 44 42 40 35 33 27 23 27 23 19 26 30 32 36 41 46 50 55 56 25 23 18 16 14 12 12 19 14 15 21 25 22 22 30 34 32 37 46 44 50 54 58 62 64 69 64 65 70 75 73 74
155 152 147 141 145 140 134 127 126 125 130 111 109 107 89 87 82 81 79 76 56 55 50 47 49 52 33 29 24 23 22 18 26 22 23 28 30 35 36 46 51 94 91 74 71 64 61 44 43 40 38 35 37 29 23 22 23 22 17 21 24 25 32 37 38 55 59 22 21 20 19 21 16 17 18 24 19 27 25 30 33 35 31 36 36 38 42 44 52 56 57 58 59 70 67 67 68 70 77 76
160 155 150 140 138 135 134 132 131 126 115 111 110 91 86 82 80 77 73 72 57 52 51 49 51 39 34 29 25 28 24 29 26 23 24 37 35 37 40 43 45 47 75 73 65 60 56 52 48 45 32 31 29 28 25 19 18 18 16 19 24 25 30 34 41 58 61 38 35 24 22 25 18 20 31 38 20 31 30 31 36 34 33 37 43 40 46 46 57 58 60 65 68 73 75 70 71 111 112 116
162 160 128 125 122 124 119 135 135 114 123 119 114 86 84 81 76 71 69 67 64 60 55 59 54 38 34 30 28 30 35 34 29 26 28 31 40 41 43 44 47 78 74 72 66 63 61 54 50 37 33 30 28 25 22 18 15 14 0 19 25 26 31 50 52 61 65 35 34 30 25 27 21 25 30 34 36 36 33 35 39 36 37 38 41 44 47 52 55 63 64 68 72 97 100 105 106 109 113 124
167 164 132 125 121 120 117 117 116 112 108 103 118 97 85 80 75 73 70 69 66 63 56 56 55 41 40 38 33 35 38 35 32 29 31 36 45 46 45 45 79 77 74 71 69 68 64 55 52 40 35 33 33 28 23 22 19 20 15 19 21 26 41 46 49 53 61 64 38 34 30 29 24 27 32 36 42 40 35 38 40 38 41 43 44 47 49 63 67 70 65 70 74 93 97 101 106 112 116 119
145 141 136 131 130 121 116 113 112 108 104 100 97 95 93 83 81 77 72 73 67 69 65 60 60 47 42 40 38 40 41 37 37 33 34 35 49 49 49 54 82 78 77 74 73 72 68 56 46 41 40 38 39 26 25 23 20 21 17 23 26 36 38 42 43 55 57 59 60 39 31 32 29 32 33 36 37 42 38 39 41 45 44 44 47 51 56 58 62 66 68 79 83 88 93 95 97 99 103 103
149 132 131 129 128 127 125 114 112 111 105 101 98 94 90 87 84 81 77 74 71 71 66 62 64 50 45 42 41 50 45 42 39 44 36 40 53 51 51 56 97 92 87 82 78 76 72 59 49 45 41 37 35 33 29 26 24 23 28 24 28 33 38 39 41 54 54 59 58 63 35 36 32 34 37 39 40 45 46 41 43 50 65 60 58 56 58 63 65 70 74 77 80 85 88 89 94 97 99 101
151 152 136 131 130 122 120 115 113 113 109 99 97 96 94 92 86 85 81 78 75 73 69 66 71 53 50 46 48 49 48 46 41 44 48 51 55 56 56 57 97 93 88 85 81 81 76 60 49 45 44 35 33 31 28 27 28 30 27 26 32 37 42 43 44 49 53 55 56 60 64 39 35 37 40 40 41 47 46 44 45 52 68 64 60 60 63 66 78 74 76 77 84 89 92 95 98 102 100 103
1 10
0 1 2 3 4 5 6 7 8 7
2 49
1211 1206 1216 1220 1830 1837 1823 1019 1017 1011 1015 3444 3440 3456 2599 3180 3170 3182 2662 2658 3794 3792 3794 2454 2014 2001 150 383 371 380 4505 4412 4415 4404 4406 4412 4416 4290 4287 4271 561 555 570 4913 4903 4916 4921 4922 4930
4409 4401 3411 3418 1829 1819 1821 4157 4143 1062 1074 1078 3446 2599 2597 2596 3182 3184 897 885 897 3812 2463 2448 2458 2013 155 383 381 4498 4487 4399 4401 4403 4405 4409 4413 4415 4289 4273 565 565 3846 3854 4915 4921 4922 4924 4928
19 3
2231 2228 2234
2228 2219 2230
2233 2234 2233
4324 4316 4319
4312 4315 4327
4318 4320 4325
621 616 4326
619 614 617
616 611 611
612 607 591
606 605 602
610 607 605
3456 3454 3460
3451 3450 3455
3431 3448 3451
3447 3452 3453
3459 3457 3454
3461 3458 3455
3464 3463 3456
14 1
3085
3084
3080
3077
3075
3071
3091
981
974
987
992
995
996
997
27 2
2135 2143
2130 2138
2141 2143
2143 2145
2147 2149
2148 2154
2152 2156
2154 2160
2158 2165
2162 2169
2176 2173
2180 2175
2181 2177
2186 2179
2191 2196
2192 2195
2194 2196
2198 2197
2199 2198
2201 2203
2209 2204
2208 2205
2210 2209
2214 2213
2221 2216
2222 2220
2224 2222
19 2
2783 2788
2802 2805
4521 4534
4518 4533
4512 4530
3702 4534
3695 4119
4112 4102
4114 4107
4019 4023
4016 4005
4010 4006
4016 4011
690 685
675 669
3975 2314
2322 2309
2325 2310
2330 2314
32 11
4640 4641 4643 4645 1996 3257 3255 256 257 256 254
4638 4637 4639 4640 1992 3255 3251 255 252 248 245
4636 4635 4637 1990 1988 3253 3250 3252 257 252 248
4633 4630 1988 1987 1986 3248 3246 3251 3975 3977 249
4619 4616 4618 1984 1983 1984 3242 3246 3971 3978 3983
4627 4625 4629 1984 1982 3237 3227 3241 3968 3975 3979
4631 4628 4630 1969 1964 1969 3231 3966 3961 3973 3977
4632 4631 2773 2771 2770 2789 4777 4762 3963 3977 3978
4637 4633 2781 2776 2788 2792 4785 4781 2109 3985 3981
4642 4638 2786 2780 2790 2797 2097 2095 2093 2113 3982
4647 4643 2542 2799 2795 2801 2102 2097 2101 2114 3987
2547 2542 2541 2803 2800 1266 1267 2100 2102 1278 3988
2546 2542 2538 2541 1267 1264 1263 1253 1278 1276 1281
2549 2534 2533 2535 1271 1264 1261 1252 1273 1272 1275
2547 2532 2529 2547 1267 1262 1258 1251 1270 1271 1274
2542 2539 2535 1274 1269 1267 3377 1257 1274 1274 3386
4453 2544 2536 1277 1270 3377 3360 3376 3378 3383 3385
4450 4447 4450 4454 1563 1564 3372 3377 3380 3382 3383
4449 4445 4437 4451 1549 1562 1565 1566 1568 1573 3387
2227 2226 2220 2226 1563 1566 1566 1569 1572 1576 3389
2233 2228 2222 4030 4039 4044 1569 1572 1573 1574 3394
836 2231 4028 4019 4034 4036 1570 1745 1751 1575 2243
833 835 4029 4025 1747 1752 1756 1744 1749 1750 2238
831 830 1742 1737 1728 1739 1740 1742 3863 3860 2237
1538 826 825 822 806 815 818 3860 3858 3859 2235
1536 1539 828 827 819 818 3860 3857 3853 3855 2231
1528 1532 1536 832 839 821 3851 3849 3849 3854 2226
1530 1536 850 849 829 842 3841 3844 3845 2232 2225
1533 1537 839 835 833 3845 3840 3834 3838 2229 2224
4735 4740 4745 837 835 3848 4850 3846 3839 2230 2211
4731 4730 4747 4861 4859 4855 4849 4853 5 20 2212
4736 4748 4751 4856 4855 4853 4836 4849 2 0 1
1 42
2326 2323 2320 2313 2327 2331 3135 3118 3125 3129 3130 3135 4639 4635 4634 4631 4627 4615 4621 4626 2184 2167 2181 2184 2187 2527 2524 2523 2503 2506 2508 2890 2889 2885 2881 2880 2860 2867 2870 2872 2873 2878
15 3
1521 4444 4445
1510 1530 1534
1523 1019 2434
1026 1007 2417
1041 1032 2421
1046 1050 1258
1273 1272 1257
1282 1277 1269
1286 1275 1273
4696 1464 1277
4691 1459 1454
4686 4689 1450
4685 1456 1448
4703 4707 1451
4706 4708 4710
2 73
756 751 749 748 744 743 744 3561 3553 3550 3549 3534 3536 4755 4754 4743 4062 4060 4045 4063 3302 3142 3140 3137 3145 3157 3157 3161 4959 4956 4937 4944 4947 2518 2515 2501 2512 2517 2290 2276 2288 2293 2294 2299 2302 2307 4867 4866 4863 4862 4859 4854 4850 4848 4845 4843 4839 4824 2959 2964 2966 2968 2973 2976 2978 2979 4458 4459 4454 4444 4442 4440 4458
756 754 753 744 740 733 744 3556 3552 3549 3544 3526 3533 4750 4749 4736 4737 4063 4058 3309 3297 3300 3141 3150 3153 3155 3156 3160 3163 4961 4942 4946 4952 2519 2518 2521 2513 2518 2282 2277 2289 2298 2297 2301 2306 2310 2314 4870 4868 4865 4861 4858 4853 4850 4837 4835 4834 4815 2949 2968 2972 2977 2978 2981 2982 4461 4457 4454 4453 4450 4449 4446 4448
47 2
2212 2211
2214 2208
2209 2206
2190 2203
2189 2201
497 2202
480 407
407 402
4249 422
4233 1298
1298 1292
4725 4705
2124 2106
4412 2121
4409 4392
1362 4407
1354 1371
1356 193
190 174
2468 2449
2472 2451
4215 4211
4214 4199
4216 4211
1262 1254
2303 1265
2288 2295
2306 3479
3485 3480
3486 3483
3488 3493
3489 3498
1567 3500
1563 1567
1552 1554
1570 3691
3693 3677
3695 3678
585 587
565 584
585 588
3479 3478
3472 3474
558 3479
549 558
557 1363
1362 1361
2 19
4629 4625 4621 4617 4606 4611 2872 4989 2126 2109 2110 426 407 869 887 1509 1504 1501 2636
4634 4628 2546 2541 4611 4134 4117 5004 2126 2123 2125 422 402 406 410 414 1502 1483 2623
30 4
1026 1028 2652 2655
1025 1026 2651 2654
1020 1021 2650 2654
1017 2650 2647 2649
1001 1009 2643 2652
1011 4923 2652 2655
4915 4919 4920 4921
4920 4923 4922 4926
2311 2313 4926 4928
2292 2309 2313 4132
2299 2302 4130 4123
2301 132 117 4134
131 130 114 128
128 126 112 126
130 127 126 127
135 134 131 129
138 137 134 132
146 143 139 134
151 145 142 52
2252 2258 51 47
2248 2255 55 54
2245 2250 2251 58
2225 2237 2238 2243
3135 3150 4849 4848
3155 3160 4847 4843
3160 1098 4838 4835
1107 1090 1100 4844
2274 2254 444 456
453 449 438 451
456 443 440 452
4 3
4718 4708 4867
1116 1119 4854
1114 1109 2178
1116 1112 2196
1 14
567 1165 1172 2589 4791 4787 2241 408 2954 834 3337 3328 3337 1273
2 6
4844 4848 1208 1204 4735 3806
4826 2185 2177 1208 3815 3797
37 1
1675
1668
1675
3717
3698
3700
3703
467
447
465
3877
3873
3870
3859
3867
89
401
410
3545
3541
3673
154
4788
1656
1533
1546
4670
4650
4667
2238
3928
3948
1936
1921
950
831
821
5 5
14 25 0 11 10
8 14 16 21 25
0 16 30 15 0
12 12 15 8 23
15 6 0 22 16
5 36
2784 2764 2780 2781 2783 626 620 1648 1648 1652 1669 1664 4557 4554 4559 4552 4553 3028 3027 873 868 863 874 877 880 4557 4556 4561 3418 3413 1984 1963 1966 1969 1994 1995
2786 2783 2781 2455 2454 622 615 1647 1645 1649 1652 1660 4556 4552 4541 4549 4551 3026 3024 3617 3615 3608 3626 4561 4559 4556 4555 4556 3416 3397 1979 1959 1965 1990 1993 1995
2460 2459 2454 2452 2446 603 614 1643 1642 1639 1652 1657 4549 4548 4536 4546 4548 3025 3020 3019 3028 3625 3036 4559 4555 4554 4547 4556 3417 3412 1982 1976 1981 1985 1987 1994
2463 2462 2458 2456 2449 2150 618 1644 1647 1643 1655 1660 4552 4549 4545 4549 4549 3020 3017 3014 3025 3027 3035 3036 4556 4559 4561 3423 3419 1985 1984 1988 1984 1989 1991 1992
2465 2461 2459 2460 2146 2145 2161 1648 1652 1644 1645 1647 4555 4554 4547 4548 4549 3022 3022 3021 3023 3026 3030 3034 3038 4563 3430 3427 3420 1990 1986 1988 1991 1992 1995 1993
13 2
2500 2503
2496 2512
2440 2452
3798 3800
3792 3809
3811 3500
1643 1660
1337 2541
1348 2558
1350 3005
3014 3004
3016 3012
3021 3013
53 1
2742
2766
1942
1952
1862
1858
1844
3581
3599
3601
2584
2580
4590
4603
1712
1709
1705
1704
1700
1696
1194
1205
1209
2025
2024
2041
2044
2045
2704
2703
2687
2697
2698
3298
3293
3284
3290
3292
3296
3301
3303
3307
3310
3312
3314
3319
3324
3329
3331
3334
3335
3338
3341
2 3
7 6 7
7 6 7
2 31
1719 1728 1464 680 677 664 684 1192 1207 1208 783 780 775 773 757 2562 4123 4118 4103 2154 2153 147 136 137 3421 3434 1617 1621 1334 1329 1319
83 93 1462 1468 679 684 2554 1208 2993 2998 3002 785 778 1624 1608 2545 2565 1448 1431 4622 1258 1243 143 558 573 1622 1606 1617 1330 1325 1320
2 41
1536 1520 1528 2067 2066 3719 3713 3731 4791 4774 4793 3785 3799 3804 3805 3807 4377 4376 4371 4363 2479 1471 1469 1486 4819 1203 1223 1226 1230 2255 2250 2246 2234 819 267 280 4030 4029 4023 171 189
1540 1537 1542 2061 2053 141 3721 3723 4795 4779 4797 3796 3803 3807 3810 3815 4369 4368 4367 4354 4365 2063 2060 2567 4827 1222 1228 1231 1232 2259 2245 2241 2239 830 283 282 4034 4031 4041 181 186
2 26
3979 3974 3971 3968 3967 3966 3957 3953 1620 1611 1617 3651 4215 4210 4208 2282 4260 4279 2418 2437 934 941 946 950 949 951
3979 3976 3971 3967 3965 3964 3961 3950 3407 1625 3627 3646 388 387 381 2300 4589 965 954 956 933 937 940 941 945 947
2 4
4622 3216 3564 3545
4628 1880 1866 3561
1 16
4135 4224 2539 2523 2718 2785 3397 3386 3405 2490 4450 4987 940 869 1371 1384
17 6
3621 3617 3598 3603 3604 3609
3624 3619 3606 3610 3611 3612
3625 3622 3611 3616 3623 3627
3630 3616 3612 3613 3618 3621
3626 3621 3615 3614 3618 3622
3630 3625 3621 3616 3623 3624
3631 1789 3622 3618 3625 3628
1787 1784 1781 1782 1786 1791
1786 1783 1780 1783 1782 1786
1787 1776 1775 1780 1781 1786
1775 1771 1771 1776 1780 1783
1771 1766 1767 1772 1777 1779
1769 1764 1765 1767 1770 1772
1766 1754 1759 1762 1767 1772
1771 1759 589 1765 1766 1769
1774 591 582 593 595 597
1776 600 595 595 596 597
3 1
1970
563
1245
5 5
14 25 0 11 10
8 14 15 21 25
0 15 30 15 0
12 12 15 8 23
15 6 0 22 16
2 9
3685 3676 4794 4801 3887 881 3477 3472 3490
3688 3686 4797 4802 891 873 874 3466 3485
3 44
4750 4745 4747 4752 3078 3080 3084 3081 3084 4269 4265 4267 4264 4252 4250 4252 4256 1988 1987 1985 1989 349 331 3622 3630 2429 2431 254 257 248 250 255 261 265 269 273 1857 1844 1848 1128 1140 1144 1148 1156
4746 4726 4731 3073 3073 3077 3079 3080 3082 4267 4264 4263 4259 4255 4244 4252 1987 1983 1986 1983 1988 3975 3972 3641 2425 2427 256 251 254 247 250 254 259 262 270 1873 1868 1863 1145 1125 1139 1142 1147 1152
4748 4732 3073 3071 3064 3073 3077 3082 3086 4270 4265 4266 4257 4254 4253 4256 1983 1980 1975 1966 1975 3967 3964 2414 2422 2426 239 238 241 246 249 255 264 267 1876 1873 1869 1865 1867 1140 1141 1143 1151 1154
9 10
687 689 691 695 697 4454 4427 4424 4419 4425
686 684 686 687 692 4450 4441 4434 4430 4427
675 681 683 685 688 4445 4440 4435 4433 4430
672 667 673 687 691 4430 4432 4433 4434 4433
673 675 4432 4429 4425 4427 4429 4428 4430 4431
675 679 4430 4425 4420 4425 4424 4426 4429 4433
677 680 4428 4423 4418 4420 4421 4425 4427 4428
685 681 4420 4419 4414 4416 4417 4427 4430 4432
4422 4418 4415 4410 4407 4413 4415 4432 4435 4439
1 25
3410 3702 3693 3700 1095 1077 1579 1574 2643 2295 2281 706 2779 1125 4807 4794 316 334 339 1833 1827 3821 3823 3390 4875
20 1
303
301
260
4079
4069
182
2049
2062
2936
4907
3008
3
2546
1306
2519
1886
376
2052
669
676
3 3
9 6 3
5 9 6
3 5 9
2 9
4105 1965 4347 3142 3153 1061 4719 4709 4171
1166 4343 4334 4336 4517 1042 1051 4177 4170
7 9
4005 4001 4007 964 960 957 937 950 1217
2172 4008 1486 965 961 954 952 1210 1201
2792 2790 1485 1487 3296 4183 4173 4176 1208
2530 2527 1499 3277 3291 4613 4176 4181 1211
3334 3332 3328 3821 4620 4611 4612 4183 1214
3337 3335 5001 4991 4992 1882 1897 3705 3707
3341 3337 3342 4995 1908 1902 3706 3689 3705
2 1
2637
4434
1 1
9
7 1
4840
4835
4834
4833
4815
4449
4467
28 5
2592 2586 2604 2599 2601
2589 2585 2588 2598 2599
2584 2584 2588 2593 2597
2580 2582 2584 2588 2592
2569 2582 2588 2589 2592
2586 3087 2591 2594 2599
3083 3084 3087 2595 3077
3078 3082 3083 3088 3073
3075 3077 3081 3086 3072
3055 3071 3064 3066 3069
3056 3057 3062 3064 3065
3058 3059 3060 3067 3068
3063 3061 3063 3065 3070
3067 3066 3068 3072 3073
3070 3074 3078 3081 3082
3075 3078 3083 3085 3089
3084 3079 3082 3089 3093
3088 3084 3086 3088 3089
3106 3088 3091 3092 3092
3102 3099 3096 3097 3093
3106 3100 3101 3102 3098
3105 3104 3104 3107 3102
3106 3107 3105 3109 3103
3110 3112 3114 3112 3108
3111 3114 3115 3114 3118
3115 3116 3117 3116 3121
3140 3138 3121 3120 3121
3139 3134 3130 3125 3127
5 5
1 2 3 4 5
2 9 3 9 6
3 3 0 8 7
4 9 8 9 8
5 6 7 8 9
20 12
4520 4517 4516 1455 1451 1447 1467 1471 1472 1473 1474 1478
4522 4518 4515 1469 1467 1462 1464 1466 4141 4142 4141 4144
4523 4514 4513 4516 1468 1463 1468 4144 4140 4138 4139 4140
4513 4510 4508 4511 1468 1465 1469 4141 4138 4134 4135 4138
4511 4506 4503 4510 4513 4518 1472 4136 4135 4132 4133 4135
1901 4506 4502 4506 4511 4513 4515 4151 4150 4131 4142 3371
1900 4514 4498 4517 4515 4517 4518 4155 4147 4145 3370 3355
1898 1900 4516 4521 4517 4519 1857 1861 4152 4150 2683 3356
1894 1855 1838 1852 1850 1852 1854 839 834 2670 2667 2680
1888 1890 1843 1848 1849 1851 1852 833 832 829 2681 2685
1903 1847 1844 1846 1847 1848 840 836 831 826 825 843
1853 1852 1849 1849 1849 1854 841 838 834 831 832 835
1857 1855 1853 1855 1853 1855 840 838 835 835 837 836
1860 1859 1854 1858 1854 1856 843 839 840 836 839 838
1863 1859 1855 1856 1859 1860 853 848 843 844 845 846
4166 4171 4154 1857 1862 854 852 849 844 845 848 852
4164 4155 4152 4154 4159 860 855 851 846 848 850 855
4159 4153 4150 4151 4159 4163 856 856 861 864 866 859
4154 4151 4148 4149 4154 4159 4164 860 863 869 4183 862
4161 4157 4140 4149 4151 4152 4167 4172 4176 4178 4181 4185
2 70
2774 2775 2775 2778 3360 3345 3356 2442 2440 2434 2453 2454 2455 2457 4398 4395 4392 4385 4380 4375 4360 37 1181 4862 4857 4872 4876 4879 4882 1144 2307 2303 2299 2311 4948 4480 4470 4478 4481 4613 4608 785 781 768 786 455 453 451 455 455 459 2766 2765 2764 2750 3453 3454 1977 2146 2145 2140 4595 4591 4586 4581 4572 4589 545 3452 3449
2771 2770 2767 2784 2560 2542 2553 2443 2446 2441 2446 2450 2452 2454 2455 4391 4387 4383 4381 4376 34 17 37 4863 4865 4877 4877 4883 1146 1141 1138 1136 1116 1117 4941 2831 2815 2830 4605 4602 4598 4604 786 775 789 456 453 448 442 450 455 458 3446 3443 3438 3434 3451 1960 1966 2128 2137 2138 4596 4591 4585 4578 1382 529 3438 3447
21 11
517 514 512 509 510 517 3387 3385 3385 3382 3380
513 509 510 506 507 512 3385 3382 3379 3378 3376
513 508 506 504 487 498 3386 3380 3375 3365 3374
517 514 511 509 500 505 3391 3392 3388 3385 3390
518 516 516 510 504 509 2658 3395 3389 3386 3394
532 520 519 515 520 2666 2653 2659 3390 3391 3397
529 526 522 518 520 2663 2662 2664 3391 3393 3399
529 528 524 520 525 2664 2664 2669 3885 3882 3887
3876 3873 3874 3866 3866 3869 3870 3871 3875 3881 3876
3875 3872 3869 3864 3862 3864 3868 3871 3872 3876 3874
3876 3876 3860 3859 3861 3859 3861 3863 3867 3868 3871
3878 3864 3861 3857 3858 3855 3859 3861 3862 3865 3869
3861 3859 3856 3848 3850 3852 3855 3856 3860 3865 3868
3866 3863 3861 3858 3853 3856 3858 3860 3861 3866 3869
3870 3864 3863 3858 3857 3859 3861 3864 3867 3869 3870
3874 3868 3865 3863 3861 3864 3864 3865 3868 3874 3874
3877 3872 3867 3864 3866 3865 3866 3868 3869 3877 3881
3881 3875 3868 3869 3869 3870 3868 3871 3875 3878 3886
3883 3877 3873 3875 3873 3872 3870 3875 3876 3879 3891
3884 3879 3877 3878 3877 3874 3872 3877 3877 3882 3887
3884 3883 3881 3882 3881 3878 3876 3880 3885 3883 3885
16 1
2621
1649
1662
1031
1026
1045
1675
1674
1660
1576
1215
3534
3809
3805
3812
3813
3 31
3536 3522 3952 3938 3946 3949 3744 3740 3732 3747 3216 3205 3208 3213 3218 3219 3223 3224 330 326 336 334 333 336 1702 1698 1693 1695 1699 1697 1694
3709 3702 3713 3946 3948 3953 1095 1093 1077 1085 3215 3214 1621 1618 1621 3223 3225 330 323 323 331 331 332 337 1698 1694 1689 1690 1687 1681 1691
3713 3715 3952 3950 3955 3957 1100 1096 1082 1083 1621 1618 1617 1600 1613 3225 328 325 322 321 314 329 332 1699 1694 1691 1688 1685 1682 1680 1671
23 8
1664 1661 1658 1656 1652 1410 1429 3665
3520 1666 1661 1658 1644 1486 3670 3666
3519 3518 3514 1663 1481 1479 1497 3670
3515 3513 3510 3515 1485 1493 3820 3675
3513 3509 3507 3512 3517 3814 3817 3822
3514 3499 3504 3505 3819 3804 3815 3817
4926 3505 218 4123 4127 3808 3817 3819
4854 4866 210 4107 2741 2727 2739 2741
4865 4870 212 4114 4117 2742 1132 1148
3339 4871 213 4117 2751 2746 1147 4990
3319 3332 647 657 5020 5012 4991 4987
3338 633 632 652 5015 5010 5007 5005
3339 882 634 637 5018 5011 5012 5010
877 868 881 893 5022 5027 5014 5011
886 882 884 889 890 1791 1796 1789
892 887 891 891 1788 1787 1781 1784
893 889 725 722 1792 1774 1777 1782
3467 3466 724 719 704 1786 1791 1784
3464 3463 3468 724 706 4340 4350 4353
3461 3460 3469 1856 4292 4275 4279 3789
1002 993 1003 1844 1854 4294 3780 3784
1003 999 1861 1860 1328 1346 3776 3773
1007 1004 1864 1865 1345 3768 3765 3768
7 12
4263 3529 3528 1713 1715 1248 1247 1243 1254 2893 2884 2892
4248 3517 3509 1706 1710 1715 2839 2836 2845 1139 2887 2888
4265 4268 2749 1708 1715 1717 1728 2842 1147 1135 408 410
4266 2750 2747 2759 1720 1721 1723 1153 1149 1147 421 414
2151 3857 3867 3868 1721 1722 1160 1156 1154 1152 422 419
2141 3856 3848 3859 3860 1167 1163 1160 1158 1157 427 422
4833 4851 3859 2892 2910 2915 1165 1163 1161 1162 430 425
4 10
1259 1258 1255 1253 1243 1251 1254 1257 1260 1262
1263 1263 1255 1251 1239 1247 1249 1260 1261 1267
1273 1268 1257 1255 1247 1248 1252 1262 1265 1266
1278 1270 1261 1256 1260 1265 1270 1271 1275 1270
